320
672
1004
1366
1784
2124
2481
2854
3225
3563
3897
4271
4642
4980
5329
5675
5990
6312
6650
7013
7333
7657
7993
8331
8678
8990
9327
9652
9989
10313
10637
10974
11319
11632
11946
12269
12581
12893
13242
13578
13881
14241
14624
14960
15345
15755
16113
16474
16857
17229
17579
17950
18321
18669
19019
19369
19727
20040
20353
20701
21026
21327
21649
21988
22323
22672
23031
23369
23704
24004
24386
24714
25062
25434
25819
26165
26526
26887
27223
27537
27860
28185
28509
28821
29135
29494
29819
30153
30502
30850
31177
31524
31918
32267
32607
32952
33300
33624
33963
34322
34658
34982
35343
35691
36000
36387
36749
37072
37408
37794
38166
38489
38862
39248
39584
39920
40292
40652
40975
41312
41663
41989
42310
42621
42971
43284
43607
43955
44315
44627
44977
45339
45676
46009
46405
46766
47065
47380
47714
48000
48339
48674
49013
49335
49683
50045
50370
50705
51067
51426
51761
52101
52470
52794
53106
53443
53766
54068
54380
54705
55040
55352
55677
56073
56424
56770
57141
57479
57791
58139
58537
58883
59221
59592
59939
60241
60578
60938
61273
61587
61934
62295
62620
62931
63291
63676
63999
64347
64722
65082
65392
65705
65999
66330
66630
66944
67293
67615
67954
68396
68759
69129
69514
69897
70246
70619
70993
71351
71723
72023
72467
72816
73165
73526
73886
74234
74585
74943
75290
75627
75977
76347
76683
77020
77393
77741
78065
78379
78714
79026
79340
79653
79986
80300
80635
80995
81333
81669
82005
82329
82631
82942
83255
83553
83855
84177
84621
84768
85058
85380
85683
86029
86389
86739
87110
87469
87805
88156
88479
88790
89081
89416
89763
89999
90463
90857
91254
91615
91989
92371
92718
93054
93416
93789
94123
94447
94799
95157
95492
95818
96166
96480
96790
97129
97499
97824
98196
98568
98879
99192
-1
99865
100165
100489
100825
101139
101487
101883
102242
102569
102927
103312
103649
103987
104357
104682
105006
105342
105727
106110
106461
106806
107143
107458
107768
108080
108419
108741
109066
109438
109811
110146
110507
110903
111265
111600
111948
112344
-1
113016
113343
113714
114000
114350
114699
115034
115360
115683
116022
116356
116682
117040
117402
117739
118074
118458
118795
119118
119455
119815
120007
120466
120812
121162
121497
121837
122194
122517
122830
123166
123504
123826
124153
124536
124897
125231
125580
125916
126242
126553
126889
127275
127634
127946
128295
128657
128967
129292
129629
129977
130277
130602
130950
131262
131563
131899
132235
132558
132871
-1
133568
133928
134264
134649
134998
135345
-1
136055
136378
136679
137015
137364
137678
137999
138349
138733
139068
139418
139813
140150
140475
140833
141207
141542
141844
142203
142565
142924
143260
143645
144004
144390
144714
145073
145411
145735
146036
146371
146718
147033
147367
147717
148100
148426
148809
149193
149518
149833
150154
150478
150790
151104
151443
151776
152087
152402
152736
153072
153373
153712
154094
154444
154778
155127
155452
155762
156001
156388
156748
157060
157373
157698
158000
158298
158598
158958
159308
159631
160018
160412
160737
161074
161435
161769
162081
162393
162742
163066
163366
163678
164003
164317
164627
164964
165337
165687
165997
166332
166659
166981
167281
167570
167869
168159
168471
168772
169074
169385
169829
170249
170620
170981
171353
171737
172098
172469
172843
173214
173563
173924
174274
174607
174944
175318
175678
176012
176385
176736
177070
177394
177743
178103
178441
178752
179112
179484
-1
180182
180504
180843
181178
181489
181802
182151
182501
182823
183170
183533
183880
184193
184528
184914
185248
185562
185910
186234
186535
186846
187182
187505
187807
188132
188492
188840
189152
189514
189921
190271
190620
190978
191326
191639
191976
192323
192659
192984
193320
193680
194017
194366
194728
195073
195399
195734
196060
196395
196708
197020
197367
197693
197993
198341
198687
199049
199364
199710
200075
200408
200731
201055
201378
201691
202018
202378
202714
203063
203444
203781
203999
204442
204781
205114
205441
205788
206137
206448
206785
207110
207432
207736
208070
208444
208773
209081
209450
209823
210159
210474
210832
211170
211481
211817
212142
212468
212766
213079
213414
213738
214028
214353
214700
215022
215324
215638
-1
216272
216562
216876
217235
217558
217860
218194
218531
218843
219135
219458
219818
220152
220465
220789
221137
221437
221738
222084
222445
222758
223061
223384
223768
224103
224453
-1
225185
225487
225834
226194
226519
226819
227155
227514
227827
228128
228451
228763
229077
229377
229716
230037
230349
230649
230942
231238
231563
231876
232189
232499
232836
233149
233448
233774
234007
234446
234747
235094
235454
235779
236091
236451
236811
237136
237449
237810
238145
238457
238780
239132
239466
239768
240104
240453
240774
241077
241411
241761
242084
242385
242699
243059
243381
243693
244030
244356
244667
244945
245279
245617
245927
246230
246544
246864
247165
247443
247778
248091
248390
248690
249014
249363
249675
249977
250326
250695
251009
251346
251694
252040
252343
252656
253027
253375
253687
254060
254444
254780
255093
255428
255787
256088
256426
256835
257221
257554
257892
258262
258577
258888
259200
259525
259826
260150
260485
260821
261136
261483
261884
262227
262563
262889
263211
263523
263835
264139
264462
264760
265073
265398
265710
266033
266334
266645
266935
267234
267559
267896
268219
-1
269001
269359
269699
269999
270418
270743
271080
271440
271764
272088
272426
272821
273169
273492
273831
274202
274528
274852
275198
275571
275895
276220
276567
276914
277218
277565
277928
278262
278584
278912
279258
279558
279859
280159
280482
280772
281060
281385
281709
281997
282310
282621
282958
283270
283559
283905
284279
284591
284927
285264
285589
285888
286189
286515
286825
287125
287426
287775
288100
288401
288722
289060
289374
289674
290046
290441
290803
291151
291509
291857
292170
292495
292843
293214
293529
293888
294282
294622
294943
295295
295652
295990
296291
296613
296974
297277
297587
297911
298260
298619
298921
299268
299618
299930
300241
300564
300891
301213
301526
301863
302200
302512
302847
303243
303629
303953
304290
304626
304952
305251
305610
305971
306319
306619
306945
-1
307642
307953
308276
308612
308949
309250
309573
309922
310237
310535
310859
311195
311520
311810
312121
312434
312744
313035
313345
313668
314019
314331
314692
315148
315508
315892
316275
316648
316997
317358
317728
318064
318402
-1
319098
319410
319735
320107
320445
320757
321117
321501
321838
322151
322499
322884
323218
323556
-1
324276
324587
324887
325236
325563
325864
326173
326474
326785
327075
327375
327689
328083
328408
328792
329189
329551
329885
330234
330606
330918
331243
331570
331914
332215
332541
332900
333235
333526
333861
334187
334509
334812
335147
335545
335879
336193
336531
336864
337188
337488
337849
338210
338522
338824
339170
339531
339857
340170
340540
340924
341239
341561
341885
342197
342497
342812
343181
343530
343843
344202
344623
344973
345308
345692
346065
346377
346703
347040
347377
347688
348023
348373
348721
349045
349369
349743
350137
350450
350786
351122
351434
351714
352037
352371
352682
352983
353308
353635
353957
354258
354583
354953
355290
355603
355943
356297
356597
356888
357200
357502
357802
358100
358402
358702
359001
359292
359591
359914
360241
360541
360852
361200
361525
361838
362185
362585
362942
363278
363638
363963
364264
364587
364940
365259
365561
365895
366243
366546
366857
367181
367517
367843
368131
368453
368780
369127
369429
369753
370076
370400
370701
371023
371349
371676
371985
372337
372683
373018
373332
373655
373993
374329
374630
374965
375315
375709
376046
376406
376791
377116
377427
377743
378087
378425
378737
379048
379360
379673
379962
380274
380599
380899
381199
381510
381859
382174
382472
382786
383109
383421
383722
384022
384334
384634
384923
385212
385522
385812
386136
386472
386832
387169
387540
387988
388345
388669
388985
389294
389598
389909
390220
390535
390856
391204
391648
392038
392454
392838
393211
393594
393954
394271
394592
394906
395205
395528
395844
396189
396514
396876
397272
397618
397965
398350
398691
399024
399349
399684
399998
400333
400658
400983
401295
401644
401992
402327
402640
403002
403385
403720
404057
404393
404705
405030
405379
405762
406136
406472
406809
407169
407505
407818
408130
408477
408789
409101
409450
409801
410112
410447
410763
411096
411396
411710
412008
412332
412649
412959
413294
413630
413944
414279
414592
414905
415216
415542
415890
416199
416490
416791
417126
417426
417726
418027
418328
418604
418892
419181
419491
419780
420058
420369
420681
420972
421281
421631
421965
422269
422590
422918
423226
423529
423852
424200
424524
424838
425184
425545
425847
426158
426483
426794
427108
427479
427816
428166
428560
428932
429259
429618
429989
430315
430628
430941
431263
431562
431853
432176
432504
432813
433126
433462
433807
434109
434411
434722
435024
435312
435636
435996
436344
436657
437017
437378
437701
437999
438337
438664
438966
439264
439590
439949
440272
440585
440958
441365
441713
442037
442363
442687
442998
443299
443634
443972
444310
444632
445004
445400
445726
446064
446400
446736
447035
447334
447624
447901
448187
448464
448766
449088
449388
449715
450122
450495
450831
451238
451637
451975
452333
452709
453027
453328
453630
453957
454256
454554
454856
455190
455492
455780
456080
456416
456717
457004
457304
457629
457942
458243
458555
458891
459213
459503
459793
460080
460381
460670
460960
461258
461559
461860
462180
462483
462785
463096
463406
463722
464019
464323
464606
464896
465155
465438
465715
465987
466255
466535
466772
467057
467323
467597
467853
468130
468404
468668
468933
469208
469474
469728
470004
470279
470566
470844
471119
471420
471770
472164
472561
472943
473319
473655
474003
474363
474700
475023
475326
475637
475962
476298
476597
476933
477281
477595
477895
478207
478531
478835
479120
479410
479709
479986
480286
480586
480899
481188
481499
481822
482136
482437
482818
483215
483564
483913
484276
484662
484993
485307
485617
-1
486268
486569
486881
487218
487552
487865
488204
488575
488911
489234
489535
489848
490147
490449
490794
491108
491421
491756
492128
492464
492778
493101
493428
493751
494053
494375
494702
495024
495361
495781
496166
496527
496886
497236
497560
497871
498161
498460
498761
499074
499377
499663
499998
500335
500637
500948
501270
501606
501910
502196
502508
502808
503096
503373
503673
503989
504273
504562
504874
505211
505500
505800
506113
506425
506725
507036
507350
507672
507962
508276
508599
508922
509259
509703
510003
510483
510846
511230
511616
511987
512357
512708
513080
513451
513801
514184
514544
514880
515192
515517
515816
516093
516394
516717
517018
517295
517594
517881
518160
518435
518700
518990
519276
519577
519841
520139
520442
520767
521065
521380
521750
522138
522469
522807
523167
523504
523805
524119
524464
524839
525209
525533
525859
526268
526652
526998
527347
527684
528003
528344
528644
528956
529305
529654
529966
530303
530760
531130
531481
531840
532198
532513
532825
533137
533462
533750
534000
534399
534794
535142
535552
535959
536322
536728
537112
-1
537834
538183
538542
538857
539166
539455
539767
540093
540452
540776
541136
541459
541749
542060
542384
542744
543046
543346
543719
544065
544413
544837
545230
545579
545916
546266
546577
546877
547188
547480
547790
548104
548438
548766
549074
549375
549711
550028
550335
550683
550984
551274
551560
551849
552137
552425
552714
553048
553389
553710
554023
554456
554864
555223
555608
555983
556341
556725
557088
557448
557843
558262
558623
-1
559415
559775
560171
560546
560917
561289
561662
562009
562334
562660
562972
563282
563571
563896
564218
564519
564809
565120
565432
565733
566021
566296
566596
566873
567161
567450
567763
568074
568374
568699
569047
569393
569694
570030
570391
570823
571171
571484
571820
572133
572446
572756
573046
573382
573718
574043
574356
574654
574990
575328
575640
575962
576278
576599
576924
577223
577501
577812
578101
578400
578678
578978
579289
579602
579902
580216
580695
581104
581510
581885
582280
582652
583024
583397
583756
584105
584489
584864
585222
585609
585956
586315
586639
586999
587301
587636
588003
588442
588873
589236
-1
590016
590412
590808
591170
591492
591782
592058
592340
592584
592827
593103
593363
593629
593886
594145
594388
594662
594962
595249
595514
595790
596091
596404
596705
596980
597283
597594
597918
598229
598531
598866
599335
599707
600003
600563
600967
601350
601760
602133
602505
602912
603286
603633
604041
604462
604845
605278
605675
606060
606467
606828
607212
607609
607967
608316
608689
609061
609410
609807
-1
610646
611020
611417
611824
612173
612508
612857
613264
613662
614079
614455
614839
615210
615584
615943
616278
616581
616892
617228
617531
617829
618141
618443
618730
619042
619344
619632
619919
620197
620508
620808
621108
621396
621673
621973
622251
622560
622851
623150
623451
623762
624062
624364
624650
624939
625240
625540
625840
626141
626452
626764
627065
627365
627655
627955
628277
628568
628852
629157
629468
629779
630068
630367
630681
631005
631305
631606
631928
632255
632601
632927
633383
633778
634163
634583
634956
635340
635737
636025
636459
636831
637178
637563
637947
638318
638714
639063
639410
639783
640168
640516
640936
641286
641669
642042
642389
642762
643112
643459
643770
644071
644371
644661
644949
645238
645536
645825
646115
646400
646679
646989
647270
647543
647818
648083
648346
648622
648899
649200
649511
649799
-1
