117
-1
-1
1173
-1
-1
2290
-1
3023
-1
-1
4068
4450
4776
-1
5473
-1
-1
-1
6819
-1
7453
-1
-1
-1
-1
-1
-1
9796
-1
-1
-1
11117
11429
11743
12068
-1
-1
13050
13386
-1
-1
14430
14768
15153
15560
-1
-1
-1
17027
17386
17748
18118
-1
-1
19177
19523
-1
20160
20498
20844
21131
21445
21785
22119
22479
22840
-1
-1
-1
-1
-1
-1
-1
-1
-1
-1
-1
-1
27343
-1
-1
-1
28629
-1
29313
29625
-1
30308
-1
-1
-1
-1
-1
-1
32751
-1
33423
-1
34117
-1
-1
-1
-1
-1
36196
36567
-1
-1
37590
37962
-1
-1
-1
39391
39727
-1
-1
-1
-1
-1
-1
42105
42419
42778
-1
-1
-1
-1
-1
-1
-1
-1
-1
-1
46561
-1
-1
-1
-1
-1
-1
48819
49142
49491
-1
50178
50501
-1
51235
51557
-1
-1
52593
52906
-1
-1
-1
54177
-1
-1
-1
-1
-1
-1
-1
-1
57286
-1
-1
-1
-1
-1
59400
-1
-1
-1
-1
-1
61393
-1
62104
-1
-1
-1
-1
-1
-1
64520
-1
65191
-1
65816
-1
66429
-1
-1
67422
67749
68192
-1
68938
-1
69693
70053
-1
-1
-1
71532
-1
72264
72612
72973
-1
-1
-1
-1
-1
-1
-1
-1
-1
76479
-1
77188
77551
77863
78186
-1
-1
79146
-1
-1
-1
-1
-1
81152
-1
-1
-1
-1
-1
-1
-1
-1
83976
-1
84576
-1
85176
-1
-1
86199
86533
-1
-1
-1
-1
-1
-1
-1
-1
-1
-1
90258
-1
-1
-1
-1
92178
-1
92850
-1
93595
-1
-1
94606
-1
-1
95628
-1
-1
96600
-1
-1
-1
-1
-1
98687
-1
-1
-1
-1
100286
100622
-1
101295
-1
-1
-1
102737
-1
-1
103805
-1
-1
-1
-1
-1
-1
-1
106605
-1
-1
-1
-1
-1
-1
-1
-1
-1
109943
-1
-1
-1
-1
111756
-1
112489
-1
113153
-1
113836
114160
114507
-1
-1
-1
115829
-1
116491
116849
-1
-1
-1
-1
-1
-1
-1
-1
-1
-1
-1
-1
121292
-1
122000
122313
-1
122952
123310
123646
-1
124334
124708
125041
125376
-1
-1
-1
-1
-1
127429
-1
128090
-1
-1
-1
129436
-1
-1
130410
130745
131069
-1
-1
132002
-1
-1
-1
-1
133733
134061
-1
-1
-1
-1
135851
-1
136485
136811
-1
137483
137795
138157
138540
-1
-1
-1
-1
-1
-1
141016
-1
-1
-1
142372
-1
143068
143440
143837
144187
-1
-1
-1
-1
145843
146179
146528
-1
-1
-1
-1
-1
-1
149012
149323
149637
-1
150287
-1
-1
151259
-1
-1
-1
152534
152892
153182
-1
153891
154250
154588
-1
-1
155562
-1
-1
-1
-1
-1
-1
-1
-1
158405
158755
159115
159428
159823
160210
-1
160880
-1
-1
161889
-1
-1
-1
-1
-1
163810
164122
164436
164761
165145
-1
165807
-1
-1
166777
167089
167380
167667
-1
-1
168578
-1
-1
-1
-1
-1
-1
171161
-1
171893
-1
172650
-1
-1
-1
-1
-1
-1
-1
-1
-1
-1
176545
-1
-1
-1
-1
-1
-1
-1
-1
-1
179988
-1
180639
180996
-1
181611
-1
-1
-1
-1
-1
183687
-1
184337
184721
185048
-1
-1
-1
-1
-1
-1
-1
-1
-1
188288
-1
-1
189320
-1
190078
190428
190786
191121
-1
191772
192143
-1
192789
193116
-1
193826
194173
-1
-1
195195
-1
195867
196192
-1
196829
197165
197488
197801
198139
-1
198846
-1
-1
-1
200204
200539
-1
201176
-1
201825
202185
202533
-1
-1
-1
203901
-1
-1
-1
205237
-1
205943
206267
206580
206918
207230
-1
-1
-1
-1
208889
-1
-1
-1
-1
210628
210976
-1
-1
-1
-1
-1
-1
213210
213536
-1
214161
-1
-1
-1
215445
215767
216082
-1
216682
217054
-1
-1
218003
-1
-1
218953
-1
219626
219962
220263
220588
220932
-1
-1
-1
222254
-1
222869
223189
-1
-1
-1
-1
224982
-1
225642
-1
226337
-1
226963
227312
-1
-1
228260
228572
-1
229184
-1
-1
-1
-1
230746
-1
231371
-1
231995
232297
-1
-1
-1
233592
-1
-1
-1
-1
-1
-1
-1
-1
-1
-1
-1
237606
237953
-1
-1
238937
239276
-1
-1
-1
-1
-1
-1
-1
-1
-1
-1
-1
-1
-1
-1
244165
244474
244776
-1
-1
-1
-1
-1
246660
246973
247261
247573
-1
248199
248510
248824
249173
249485
-1
250131
-1
250816
251153
-1
251838
-1
-1
-1
253183
-1
-1
-1
-1
254900
255226
255576
-1
-1
256642
-1
-1
-1
-1
-1
-1
-1
-1
-1
-1
260305
260630
-1
-1
-1
262034
262371
-1
-1
263319
-1
263957
-1
264557
-1
265206
-1
265830
-1
-1
-1
267055
-1
267704
-1
268366
-1
269156
269509
269879
-1
-1
270886
-1
271581
-1
-1
272616
272966
273289
-1
-1
-1
274660
275006
-1
275702
276028
-1
-1
277028
-1
277722
278069
-1
278719
-1
279368
279659
-1
-1
-1
280867
281172
281516
281819
282118
-1
-1
-1
-1
-1
-1
-1
284726
285059
-1
285685
285996
286310
-1
-1
287235
287582
287897
288232
288531
288856
289183
289493
289865
290247
290599
290956
-1
-1
-1
-1
292663
-1
-1
-1
294081
-1
294754
-1
-1
-1
296099
-1
-1
-1
-1
-1
-1
-1
-1
-1
299413
299735
300050
-1
300699
-1
-1
-1
-1
302320
-1
-1
-1
-1
-1
-1
304759
-1
-1
-1
306127
-1
306753
307088
-1
307761
-1
-1
308758
-1
-1
309719
310042
-1
310680
-1
311317
-1
-1
312241
-1
312843
-1
313465
-1
314139
314499
314944
315315
-1
316085
316457
316804
-1
-1
-1
318210
-1
-1
-1
-1
319907
-1
-1
320924
321299
-1
-1
322317
322692
323029
323353
-1
-1
-1
-1
-1
-1
-1
325970
-1
-1
-1
-1
327496
327891
-1
328589
328999
329365
-1
330030
330414
330750
331051
331387
-1
-1
-1
-1
333032
333344
333670
333994
334309
-1
-1
335353
335686
-1
336337
336663
336986
337296
337657
-1
338328
338653
338978
-1
339672
339987
-1
-1
-1
-1
-1
341997
342306
-1
-1
-1
-1
-1
-1
-1
-1
-1
-1
-1
346509
-1
-1
-1
-1
-1
-1
-1
-1
-1
-1
350257
350584
-1
-1
-1
351844
-1
352492
-1
-1
-1
353765
354064
354393
-1
-1
-1
-1
-1
356406
-1
-1
-1
-1
-1
-1
358499
-1
-1
-1
-1
360035
-1
-1
-1
-1
361645
-1
-1
-1
-1
363434
363759
364073
-1
364745
365068
365381
-1
-1
366354
-1
-1
-1
-1
367940
-1
-1
-1
-1
-1
369884
370197
-1
370835
-1
-1
-1
372143
-1
-1
373138
-1
-1
-1
-1
374772
-1
375506
375855
-1
-1
376923
377237
377547
377885
378231
-1
-1
-1
-1
-1
-1
-1
-1
-1
-1
381654
-1
-1
-1
-1
-1
383529
-1
384129
-1
-1
385019
385330
385622
385945
-1
-1
-1
-1
-1
388154
388478
388791
389091
-1
-1
-1
-1
-1
-1
-1
391833
-1
392646
-1
-1
-1
-1
-1
394725
395024
-1
395650
395983
396323
-1
-1
-1
-1
-1
-1
398831
399157
-1
399804
400141
-1
-1
401101
-1
401798
402123
402448
-1
-1
403528
-1
-1
-1
404825
-1
-1
-1
406277
406628
406979
-1
-1
407940
408274
408588
-1
-1
409610
409918
410257
410570
-1
-1
411504
-1
412142
412454
-1
-1
-1
-1
414074
414412
414712
415015
-1
-1
-1
-1
-1
-1
-1
-1
417835
418135
418412
418710
-1
-1
-1
419876
-1
-1
420790
421102
421438
-1
-1
422396
422712
-1
423339
-1
-1
424332
-1
-1
-1
425653
425967
426301
426592
426914
-1
427626
-1
-1
-1
-1
429415
-1
430124
-1
-1
431071
431371
431659
-1
432321
-1
-1
433268
-1
433905
434220
434520
-1
-1
-1
-1
-1
-1
-1
437186
-1
-1
-1
-1
438782
-1
-1
-1
-1
440392
-1
441173
-1
-1
442169
-1
-1
-1
443433
443780
444129
-1
-1
-1
445534
445872
446205
-1
-1
-1
-1
-1
-1
-1
448572
-1
-1
-1
449930
-1
-1
451036
451443
-1
-1
452513
-1
-1
453436
-1
-1
454362
454666
454990
455299
-1
-1
-1
-1
456812
-1
457425
-1
-1
-1
-1
-1
459314
-1
-1
-1
-1
-1
461064
461367
461679
462007
462290
462592
-1
463215
-1
-1
-1
-1
464704
-1
-1
-1
465797
-1
-1
-1
-1
-1
467406
467670
-1
-1
468477
-1
469017
-1
-1
-1
-1
470375
-1
470951
471228
471575
-1
-1
-1
473125
-1
-1
474171
474507
-1
-1
475443
475768
-1
-1
-1
477078
-1
-1
-1
-1
-1
-1
479216
-1
479820
-1
-1
480705
-1
-1
-1
-1
482246
-1
-1
483362
483720
-1
-1
484789
-1
-1
-1
486075
486378
486689
-1
-1
-1
488010
488383
-1
-1
489354
489655
-1
-1
-1
-1
-1
-1
-1
-1
-1
492901
-1
493560
-1
-1
494508
494822
-1
-1
-1
-1
-1
-1
-1
-1
-1
498270
498569
-1
499182
499471
499796
-1
-1
-1
-1
-1
501728
-1
502305
-1
-1
503194
-1
-1
-1
504370
504671
-1
-1
-1
-1
506231
-1
506845
507158
507469
-1
-1
-1
508718
509056
509510
-1
-1
-1
511027
-1
511795
512165
-1
-1
-1
-1
513980
514342
514675
514990
515314
515613
515901
516203
516514
-1
-1
517393
517680
-1
-1
-1
518806
519084
519372
-1
-1
520247
-1
520873
-1
-1
-1
522267
522616
-1
-1
523616
523924
524260
524658
525018
-1
-1
-1
-1
-1
527143
-1
527828
528141
528452
528764
-1
-1
529774
-1
530554
-1
531302
-1
-1
532320
-1
-1
-1
-1
-1
-1
-1
-1
535357
535755
-1
-1
536908
-1
-1
-1
538337
-1
-1
-1
-1
-1
-1
-1
540932
541257
541557
-1
-1
-1
542853
543153
-1
543875
-1
-1
-1
545377
545713
-1
546374
546674
546985
-1
547587
-1
-1
-1
-1
-1
549506
549833
-1
-1
-1
-1
551370
551658
-1
-1
-1
552858
-1
553507
553831
-1
-1
-1
-1
-1
556139
556522
-1
-1
-1
-1
-1
558827
-1
559586
-1
-1
-1
561085
561457
-1
-1
-1
562778
-1
-1
563692
-1
564315
564615
564917
-1
-1
-1
-1
-1
566681
566969
-1
-1
567883
-1
568506
568842
569191
569505
-1
-1
-1
-1
-1
571615
-1
572252
-1
-1
-1
573515
573839
574151
-1
-1
-1
575439
-1
576083
576399
-1
577033
-1
577608
577908
578196
-1
-1
-1
579414
579710
580023
580479
580901
581309
-1
-1
582462
-1
583205
583566
-1
-1
584670
585031
-1
585776
586113
586447
-1
-1
-1
-1
-1
-1
-1
-1
-1
-1
-1
590964
-1
-1
591865
-1
592404
-1
-1
593172
593433
-1
-1
-1
594471
594758
-1
-1
-1
595899
-1
-1
-1
-1
-1
-1
-1
598359
-1
-1
599513
599912
600366
600764
-1
-1
601938
602300
602707
-1
-1
-1
-1
-1
605088
-1
605856
606264
606636
607020
-1
607767
-1
608497
608857
-1
-1
-1
610443
610827
-1
-1
611979
-1
612642
613062
-1
613865
-1
-1
615008
615380
-1
-1
-1
-1
-1
-1
617624
-1
618249
-1
-1
619142
-1
619727
620016
620302
620616
-1
621192
-1
-1
622070
622369
-1
-1
623281
-1
-1
-1
-1
-1
-1
625347
625647
-1
-1
-1
626863
-1
-1
-1
628075
-1
-1
-1
-1
-1
-1
630175
630488
630811
-1
631412
-1
-1
632409
-1
633190
-1
-1
634381
634751
-1
635533
-1
-1
-1
-1
-1
637752
-1
-1
-1
-1
-1
-1
-1
-1
641083
-1
-1
642197
642560
642918
643255
-1
-1
-1
-1
644744
645056
-1
-1
-1
646211
646488
646786
647064
-1
-1
-1
-1
648442
648706
649007
649308
649596
-1
