728
692
714
714
714
728
761
756
731
703
692
697
722
756
742
747
733
739
703
703
428
1006
756
758
744
722
694
722
725
431
1022
761
736
733
714
694
681
722
764
736
731
722
711
700
708
711
728
489
1006
736
708
689
697
686
733
747
742
717
733
719
694
697
708
733
761
750
728
711
700
717
711
733
742
750
733
725
706
703
692
742
475
1039
728
728
697
703
711
706
728
736
764
733
692
689
458
969
753
750
736
714
728
708
692
703
711
739
753
747
708
681
706
722
711
733
744
733
725
689
703
736
758
747
719
697
689
711
719
725
733
744
767
717
683
692
719
731
758
742
444
994
728
703
692
697
733
728
742
739
700
675
708
711
717
711
733
731
708
706
683
686
694
747
736
733
697
683
672
700
706
692
719
733
747
431
942
681
686
694
731
733
733
703
700
703
694
683
708
739
744
736
708
694
678
714
717
736
733
736
711
708
714
697
697
739
772
731
708
708
692
706
717
717
739
742
758
706
697
686
414
978
764
747
731
714
708
706
706
692
725
742
758
736
706
692
689
722
728
744
722
742
703
703
703
697
692
736
761
731
694
694
692
686
711
708
728
447
1003
719
692
672
686
694
736
747
722
703
694
708
683
694
714
739
736
744
700
689
686
442
1003
753
725
736
722
711
389
1000
717
739
767
744
711
692
700
700
722
725
747
725
744
714
692
683
708
706
744
756
733
692
708
717
689
692
728
736
736
739
703
678
689
728
719
742
725
728
703
714
706
692
706
753
761
736
697
697
683
706
722
728
753
739
711
697
689
711
722
756
753
739
700
703
722
706
706
744
747
747
750
703
683
708
750
736
739
753
714
708
703
711
728
772
753
739
708
703
689
731
744
739
761
733
706
689
700
719
753
764
722
717
433
986
703
725
742
728
728
703
694
675
711
739
739
717
733
714
689
706
719
758
417
1022
700
694
678
711
736
736
725
739
728
689
675
708
736
753
725
700
711
689
708
725
750
731
739
708
692
681
711
739
753
731
728
714
708
708
694
711
472
1031
744
711
689
697
708
736
744
717
742
719
700
678
708
714
750
764
697
697
728
700
742
753
742
739
706
394
989
742
739
750
739
728
706
714
711
708
722
753
764
736
700
692
703
708
725
733
739
731
736
694
692
683
719
728
758
744
731
686
703
717
714
708
747
742
750
725
700
689
703
753
742
742
733
736
692
714
708
711
733
775
756
731
703
689
694
733
750
742
733
750
728
703
689
708
733
758
758
733
719
697
714
708
719
733
750
408
1053
711
697
689
722
753
756
717
719
700
697
711
703
717
736
767
722
697
689
700
694
722
742
742
728
739
714
700
697
722
731
764
761
717
697
703
714
436
1006
739
739
739
719
686
692
731
739
744
731
708
689
697
703
703
719
744
764
722
681
686
700
703
725
419
1064
733
731
706
692
692
722
458
1028
769
719
686
708
717
714
719
747
736
736
725
686
697
714
756
742
744
739
722
700
708
706
725
731
753
744
728
689
689
483
947
750
731
739
714
728
689
692
692
733
750
742
733
714
675
706
714
714
708
742
725
722
719
681
683
717
761
733
731
728
708
694
708
708
725
731
764
744
717
692
689
697
739
756
742
736
731
722
703
692
711
742
756
747
717
706
686
714
703
722
725
753
733
714
706
694
689
728
761
747
722
728
697
703
714
717
736
744
767
733
703
694
708
711
753
750
744
731
739
711
706
708
731
456
1044
708
689
706
711
711
722
728
733
706
681
694
708
739
744
742
717
708
692
700
714
728
722
747
758
722
678
689
703
725
750
750
733
733
736
697
692
717
750
750
761
739
714
725
717
736
742
742
725
722
686
697
736
769
753
733
725
708
714
722
714
742
753
772
731
708
694
714
714
744
761
747
722
719
714
706
700
731
747
758
758
722
689
711
731
731
733
750
747
728
731
697
706
722
772
747
747
725
722
717
739
742
767
736
700
706
703
761
747
728
731
714
708
703
722
747
761
472
1006
708
694
728
739
733
747
756
731
722
703
706
711
772
761
747
731
722
700
711
731
750
742
769
392
1000
703
703
731
772
742
717
725
717
686
711
744
744
422
1033
714
686
700
717
736
731
731
722
711
700
686
694
728
761
719
708
708
697
703
711
733
733
761
722
681
700
700
744
767
736
717
711
719
697
686
728
739
758
756
711
694
706
731
725
475
1025
753
728
728
700
706
722
767
764
761
736
711
708
728
736
750
750
769
758
719
700
708
725
761
783
764
742
733
736
722
700
744
764
767
764
725
697
714
744
731
744
758
753
733
731
706
706
736
783
750
750
728
711
706
725
731
450
1039
772
731
719
692
700
714
756
758
739
725
725
719
711
706
731
753
769
747
711
700
733
725
733
742
744
719
700
703
711
764
758
750
719
708
692
711
742
733
725
753
753
703
675
697
703
733
758
733
731
714
719
686
694
714
739
733
742
719
697
683
703
708
736
728
731
722
717
703
683
697
708
756
747
731
694
700
689
706
725
736
728
753
742
706
675
694
708
731
758
736
717
708
719
686
692
717
739
728
742
719
414
956
714
717
731
725
725
714
714
703
683
689
719
758
736
728
697
697
692
711
711
736
731
736
725
700
669
686
697
733
744
728
714
694
681
681
692
731
719
725
714
686
658
714
719
711
717
722
694
692
681
672
692
742
733
722
694
392
958
694
703
694
711
719
731
678
658
628
703
700
728
672
664
664
667
675
700
708
719
714
675
669
669
703
700
708
706
725
700
681
681
686
681
719
744
725
692
692
686
683
694
700
728
725
736
719
692
697
689
733
758
722
708
708
717
689
700
714
747
744
744
717
694
697
719
731
744
742
736
722
714
703
697
708
739
767
750
717
697
700
711
711
725
744
736
756
719
694
689
711
717
753
761
742
708
717
711
703
703
739
739
753
750
703
683
714
733
731
739
756
731
725
719
692
706
728
767
733
747
719
706
703
725
733
742
750
767
742
722
692
714
725
769
764
758
728
733
725
717
708
739
756
750
742
711
694
711
742
744
733
744
728
728
708
714
736
783
742
733
728
711
717
739
747
756
764
792
733
719
711
725
742
764
744
747
722
714
725
747
753
756
736
708
686
717
728
750
736
742
719
708
694
719
778
747
728
708
694
719
731
728
750
731
694
678
694
692
733
753
722
706
703
703
678
514
708
658
683
697
703
714
703
700
686
669
692
728
731
725
675
667
686
686
692
714
711
728
692
672
658
675
681
714
733
711
692
681
692
667
661
689
717
703
717
703
675
697
694
692
700
672
664
653
706
731
681
678
672
658
700
700
714
711
681
650
664
675
694
717
711
717
686
678
686
678
664
683
722
728
714
681
681
661
686
694
714
697
711
700
692
683
667
672
694
739
719
708
683
664
706
739
692
672
681
689
700
736
733
719
697
706
692
692
683
711
733
747
744
689
678
683
700
725
728
700
694
689
686
719
753
733
689
681
672
686
683
717
708
725
731
683
658
675
681
717
739
714
703
692
675
717
719
736
728
689
669
700
714
703
719
739
722
717
697
686
703
739
731
733
703
683
667
694
694
711
728
739
700
678
675
686
697
722
728
719
703
697
694
683
661
697
717
728
719
689
678
686
689
411
983
722
692
681
681
661
658
669
719
703
689
664
644
661
678
661
683
692
708
675
656
628
633
642
678
686
394
897
692
633
625
714
622
681
686
678
647
636
653
608
711
678
672
689
669
706
600
628
636
628
681
678
678
642
639
614
664
633
653
650
667
683
694
658
631
639
642
669
639
697
675
667
658
669
636
639
642
667
667
692
694
653
642
472
803
658
661
661
672
667
661
653
628
625
631
658
681
672
647
642
631
639
647
644
675
672
675
658
622
631
639
678
681
683
653
658
656
483
653
669
669
683
647
622
622
656
642
653
661
667
653
656
642
619
614
617
661
683
658
647
653
636
628
644
414
875
678
683
647
617
617
619
650
664
650
656
644
628
619
628
647
664
681
678
653
628
628
633
644
653
647
667
672
669
647
633
633
619
653
592
667
658
625
622
658
644
658
681
692
672
656
622
597
661
644
672
669
669
650
669
600
681
625
669
689
692
644
636
644
661
642
675
675
678
678
678
656
633
644
642
678
692
697
672
658
653
647
644
644
672
658
686
692
669
625
639
633
653
683
672
400
914
675
631
619
644
661
681
417
939
653
622
647
639
639
647
675
672
664
658
639
625
619
650
675
667
675
669
653
628
644
636
658
672
694
681
667
631
622
633
650
667
669
675
661
675
658
639
619
631
658
667
681
678
658
639
631
650
636
650
656
675
672
667
661
631
631
619
653
678
678
650
664
658
625
633
647
636
639
675
694
658
650
628
628
619
644
661
658
664
664
669
644
631
611
633
647
658
678
675
653
633
631
642
625
644
647
667
664
675
658
628
619
639
672
647
656
656
625
639
642
628
647
669
703
681
664
631
631
633
644
664
664
672
661
675
658
631
608
639
656
658
678
697
664
636
644
658
636
650
678
686
672
689
681
639
636
383
944
689
694
683
675
661
664
669
650
661
686
717
694
692
658
656
650
672
689
686
697
694
700
669
664
644
664
669
706
717
694
681
658
675
661
667
669
697
694
697
661
647
653
694
686
697
694
697
669
664
672
647
656
686
725
669
653
636
658
683
672
689
706
664
644
642
661
697
714
683
686
664
664
658
664
661
683
700
711
694
653
656
647
667
678
697
681
689
678
672
661
647
658
672
706
714
700
669
664
656
664
675
683
694
689
711
692
664
639
661
664
692
717
697
686
669
681
664
656
656
681
694
706
700
664
650
647
675
675
689
686
692
681
678
664
639
656
661
694
711
703
675
653
658
667
667
686
689
694
667
631
639
664
689
700
703
711
675
686
675
664
653
689
708
717
714
686
431
889
694
686
700
708
717
697
694
683
664
656
669
725
708
706
686
678
650
675
689
675
694
719
733
689
667
669
669
675
711
722
714
697
703
686
669
656
681
708
722
719
697
692
656
383
975
703
700
708
714
706
686
669
669
667
711
711
697
683
667
681
672
689
706
733
692
669
656
667
656
686
722
706
692
692
694
658
658
669
692
694
725
717
683
661
672
689
678
692
711
711
694
697
656
656
692
711
697
689
683
683
656
664
689
717
717
694
650
650
669
669
686
708
683
694
683
661
644
664
686
708
703
703
683
644
672
678
675
672
697
703
697
683
656
653
644
689
706
703
686
694
667
675
650
692
708
697
697
647
650
636
664
672
678
461
914
697
672
653
636
647
667
683
703
681
672
642
661
656
678
694
686
678
658
644
636
656
689
681
675
678
644
642
647
644
653
561
831
664
639
639
617
442
911
689
700
672
653
642
661
669
706
725
694
681
669
681
658
669
681
706
703
719
706
658
658
667
692
692
717
703
697
683
681
678
664
675
706
742
700
675
669
675
697
708
700
711
722
669
650
667
686
706
719
722
711
683
692
686
675
725
719
722
681
669
672
703
706
719
719
719
689
689
692
672
675
717
742
711
697
689
678
669
689
694
711
717
736
706
689
664
669
681
719
742
711
708
700
700
681
683
694
728
728
742
717
700
672
692
711
717
708
731
717
714
694
678
678
694
747
