-1
252
-1
813
1079
-1
-1
1879
-1
2421
-1
-1
3235
3500
3769
4040
4323
-1
-1
-1
5412
5677
5950
6228
-1
6780
7056
7333
7596
7884
8156
8436
8716
8982
9252
9532
-1
-1
-1
10622
10889
-1
11429
-1
-1
12255
12523
12797
13084
13361
13637
13927
-1
14468
14743
15018
-1
-1
15835
16111
16387
-1
16926
-1
17483
17761
-1
18310
18610
18886
19161
-1
19726
19999
20278
20567
20846
21118
21393
21673
21964
-1
-1
22800
23076
23352
23627
-1
-1
24457
24732
25022
25283
25563
25839
26123
26394
26668
26954
-1
27498
27773
28047
28327
28601
28867
29147
-1
-1
29959
30232
30509
30786
-1
-1
-1
31883
32158
32431
32709
32982
33252
33537
-1
34090
34368
34654
34880
-1
35495
35709
35914
36321
36590
36862
37141
37419
37691
-1
38242
38513
38784
39061
39340
39615
-1
40175
40454
40730
41004
41285
41567
41845
42123
42397
-1
42939
43214
43492
43778
44056
44331
44609
-1
-1
45435
45712
45990
46266
-1
46829
47107
-1
47661
47943
48223
48498
-1
49051
49326
49596
49870
50142
50417
50694
50970
-1
-1
-1
52063
52338
52604
52894
53169
53397
53594
-1
54261
-1
54803
55080
55351
55628
-1
-1
56435
56686
56880
57254
57529
57803
-1
58334
58608
58871
59137
59411
59679
-1
60216
60485
60759
61033
61311
61571
61849
62116
62380
-1
-1
63185
63459
-1
64002
-1
64540
64815
65084
65359
65633
65908
66183
66451
66725
66990
67267
67532
67807
68075
68360
68623
68889
69166
69440
69710
69982
70254
70530
-1
71073
71349
71611
71887
72153
72420
72692
72961
73232
73499
-1
-1
-1
74532
74713
75122
75395
75656
75925
-1
76461
76728
76995
77268
77532
77798
78000
78334
78603
78869
79143
79409
79683
-1
-1
80476
80741
81014
81278
81544
-1
82083
82349
82620
82887
83168
83428
83692
83968
84233
84496
84762
85025
85300
85565
85831
86106
86381
86648
86912
87187
87461
87726
88003
88277
-1
-1
89084
89357
89635
-1
90177
90454
90730
91004
91278
91558
91831
92102
92377
92651
92925
93191
93456
93721
-1
94272
94536
-1
-1
95292
-1
95893
-1
96445
-1
96984
97246
-1
-1
98042
98318
98582
98848
99123
99398
99673
99952
-1
100514
100789
101065
101349
101630
101861
102175
102461
102738
-1
-1
-1
103844
104081
-1
104669
104944
105160
-1
-1
106013
106279
106542
106794
-1
-1
107598
107878
108156
108431
108716
108995
109283
109561
109844
110126
-1
-1
110949
111224
111501
111777
112052
112332
112618
112883
113157
113437
113712
113974
114251
114525
114791
115055
115332
115609
-1
116149
116427
116716
116987
117254
-1
-1
118067
-1
-1
-1
119137
119403
119667
119931
120198
120470
-1
-1
-1
-1
121814
122078
122354
-1
122884
123160
123425
123687
123953
124227
124492
124759
125024
125308
-1
-1
126111
126377
126644
126907
127171
127446
127711
127974
128250
128518
128790
129066
129334
129611
129883
130150
-1
130698
130976
131252
131516
131779
131925
132332
132607
132872
133141
133413
133682
133963
134230
134446
-1
135036
135309
135585
135849
-1
136392
136667
136932
-1
137471
-1
137950
138274
138550
138828
139080
139348
139619
139885
140149
-1
-1
-1
141227
141492
141758
142033
142308
142572
142850
143113
143378
143666
-1
144209
144482
144755
145025
145288
145550
145817
146082
146356
146618
146884
-1
147424
-1
-1
148205
148492
148740
148914
149308
149583
-1
-1
150380
150652
150929
151192
151469
151744
151964
152277
152491
152694
-1
-1
153571
-1
154145
154363
154664
154927
155204
155467
155733
-1
156247
156430
156835
157091
157365
157630
157892
158159
158428
158687
-1
159213
159481
159745
160004
160282
160547
160800
161066
161326
161590
-1
162119
162382
162645
162911
163176
163442
163705
163980
164243
164511
164784
-1
-1
-1
165830
-1
166358
166612
166878
-1
167402
167666
167909
168074
168459
168722
168986
169250
169514
169659
170032
170297
170561
170812
171075
171340
171605
-1
-1
172385
172648
-1
-1
173333
173718
173973
174247
174499
174775
175038
175292
-1
175827
-1
176311
176503
-1
-1
-1
177682
177949
-1
-1
178631
179011
-1
179542
-1
-1
180335
180599
180863
181077
-1
181667
181922
182196
182470
182733
183000
183229
183432
-1
-1
-1
184526
184922
185195
185472
185740
186003
186290
186556
-1
-1
187361
187635
-1
-1
188428
188703
188968
189232
189498
189763
190036
190263
190457
-1
191117
191370
191635
191896
-1
-1
192689
192964
193228
193485
193758
194022
194285
194559
194827
195090
195368
195585
195778
196162
196425
196691
196954
197218
197492
-1
-1
-1
-1
198814
199082
199306
199497
-1
200147
-1
-1
-1
-1
-1
-1
202007
202273
-1
202812
203089
203357
203589
203786
204171
204456
204731
205000
205236
205420
-1
206114
206272
206667
206942
207209
207485
207762
208037
208276
208480
208876
-1
-1
209586
209978
210257
210485
-1
211074
211299
211613
211880
212152
212417
212694
212949
213162
213354
213738
214002
214268
214530
214795
215059
215265
215468
215842
216115
216379
216649
216918
217184
217401
217604
218003
218241
-1
218547
219024
219312
219550
219743
220150
220438
220700
220885
221288
-1
-1
-1
222394
222659
222934
223210
223492
223774
224053
224341
224628
-1
-1
225492
225781
226059
226336
226619
226885
227162
227438
-1
-1
-1
228506
-1
-1
-1
229599
-1
-1
230413
-1
-1
231208
231484
231761
232036
232275
232469
232876
233153
233440
233586
234003
-1
-1
234845
235121
-1
-1
-1
236250
236538
236829
237114
237392
237679
237955
-1
-1
238784
239022
-1
239612
239881
240164
240434
240703
240983
241257
241534
241809
242084
242362
242601
242795
243203
243470
243740
244017
244235
244429
244812
245089
245363
245629
-1
246168
246435
246708
246985
247259
247536
-1
-1
-1
248593
248788
249182
249411
249736
-1
-1
250553
250827
251116
251343
251535
251933
252208
-1
-1
-1
253288
-1
-1
254119
-1
254671
254946
255235
255521
255800
256088
256373
-1
-1
-1
257496
257781
258003
258343
258625
258907
259184
-1
259605
-1
-1
260578
260854
261081
261275
261683
-1
262234
262512
262739
262932
263339
263616
263891
264037
264456
264730
265009
265296
265571
265848
-1
266413
266716
-1
-1
267590
-1
268160
268455
268742
-1
269306
269595
269834
-1
270435
270714
271000
271283
271574
271853
272139
272429
272707
273005
-1
273570
273857
274138
274412
-1
274978
275254
275536
275825
276104
276391
276680
276955
277244
277533
277809
278096
278385
278650
278935
-1
-1
279777
280054
280343
280617
280893
281161
281449
281724
281996
282143
282552
282820
-1
283358
283629
-1
284174
284450
284726
285001
285269
-1
285829
286105
286380
286659
286898
-1
287500
287775
288001
288330
288603
288878
289169
289442
289720
290009
290287
290572
290849
291136
291426
291699
291980
292256
292541
-1
-1
-1
293674
293949
294239
294522
294812
295090
295378
295665
295941
296216
296493
296769
297060
297333
297609
297887
298172
298451
298739
298872
299254
299495
-1
300106
300382
-1
300935
301213
301498
301776
302064
-1
302619
302905
303183
303468
303746
304022
304310
304600
304873
305154
305428
305715
306003
306278
306567
-1
-1
-1
307706
-1
308273
308560
308838
309114
309391
-1
309952
310228
310495
310783
-1
311326
311603
-1
-1
312427
312705
-1
313248
313518
313785
-1
-1
314600
314865
315147
315420
315694
-1
-1
-1
316801
317077
317362
317639
317904
-1
318469
-1
319032
319309
319596
319875
320154
320437
320714
321000
-1
-1
321843
322120
-1
-1
-1
323235
323498
323775
324051
324328
324604
324879
325158
325432
-1
325985
-1
326531
326803
327077
327354
327631
327906
328187
328471
328737
329022
329298
329577
329866
330130
330418
330703
330982
331256
331535
-1
332097
-1
332662
332938
333226
-1
-1
-1
334331
334600
334883
-1
-1
335698
335966
336251
336527
-1
337095
337369
337660
-1
338223
338512
338788
-1
-1
-1
-1
-1
-1
340734
341007
341284
341510
341705
-1
-1
342655
342930
343194
343469
343686
-1
344264
344530
344803
345067
345333
345606
345882
346145
-1
-1
-1
347239
347505
347791
348058
348323
348598
348873
349150
349426
349702
349983
350267
-1
350807
351079
-1
-1
351897
352175
352392
352586
352979
-1
353522
353782
354047
354324
354589
354858
355127
355395
355669
355937
356208
356475
356748
357014
357243
357435
-1
358095
-1
358637
-1
359177
359449
359712
359970
360183
360558
361041
361335
361601
361869
362140
362417
362685
362960
363237
-1
-1
364050
364319
364591
364859
365134
365408
-1
-1
-1
-1
366742
367017
367292
367561
367834
368110
-1
-1
368913
369182
369464
-1
369992
370272
-1
-1
371078
371350
371627
371904
372168
372446
372708
372983
-1
-1
373793
374016
-1
374609
374879
-1
375413
375686
375961
376229
376496
376769
377042
377270
377467
377859
378136
378400
-1
-1
379204
379470
379745
380009
380286
380553
380826
-1
-1
381633
381907
382173
382447
382711
382977
383252
383506
383780
-1
384320
384585
384826
385017
385411
385687
-1
386232
386504
386769
387044
387295
-1
-1
388110
388381
388608
388788
389195
389462
-1
-1
-1
-1
390806
391072
391347
391621
391886
392151
392377
-1
392966
-1
393522
393784
394050
394324
-1
394866
395140
-1
-1
-1
396223
396497
396768
397048
397313
397579
-1
398132
-1
398556
-1
399214
-1
399751
400020
-1
400558
-1
401084
-1
-1
401878
-1
402419
402681
402948
403212
403489
403763
404030
404307
-1
-1
405002
405407
405687
405950
-1
-1
406779
407006
407198
407585
407867
408137
408403
408678
-1
-1
409479
409701
409900
410286
410553
410830
411102
411366
411644
411870
412065
412458
412722
412997
-1
-1
-1
414068
414333
414607
-1
-1
415423
415688
415965
-1
416507
-1
-1
417336
417609
417874
418150
418415
418691
418957
419231
419460
419653
420000
420315
-1
-1
421127
421391
421659
421931
-1
-1
422724
-1
423256
-1
423805
424070
424334
424609
424827
-1
-1
425680
425956
426217
-1
-1
427010
-1
427552
427821
428104
428382
428645
428932
429196
429477
429702
-1
430303
430578
430844
431118
431387
-1
431931
432199
432476
-1
433015
433292
433509
433703
434110
434372
434648
434917
435177
435454
435718
435983
436248
436524
436751
-1
437330
437556
437866
438145
438407
438671
438947
439212
439478
439761
440019
440282
-1
440822
-1
-1
441627
441902
442156
442431
442697
442959
443223
443498
443764
444004
444294
444547
444819
-1
445347
445625
445893
446155
-1
446684
446955
-1
447477
447750
448013
448268
-1
448806
-1
449333
449599
449875
450143
450404
450670
450931
451195
451458
451713
-1
452242
-1
452768
453025
453287
453563
453778
453971
454356
454620
454883
455144
455411
455675
455930
-1
456458
456720
456978
457240
457454
457647
458032
458255
458569
458830
-1
-1
459614
459881
-1
460406
460636
460830
461199
461428
461739
461997
462268
462531
462749
-1
463329
463554
463853
464117
464383
464644
464908
465177
465380
465573
465956
-1
-1
466748
-1
-1
467551
-1
468070
468334
468608
468863
469123
469390
-1
469917
470182
-1
470709
470976
-1
-1
471780
-1
-1
-1
472836
473107
473366
473631
473895
474167
-1
474695
474962
-1
475502
-1
-1
476308
476570
476836
-1
-1
477651
477918
478134
478325
478720
478936
479248
479524
479789
-1
480281
480593
480856
481134
481398
481675
481891
482083
-1
482742
-1
-1
483537
-1
-1
484351
484621
484892
-1
485422
485649
485842
486236
486500
-1
487041
-1
-1
-1
489635
490498
490753
491030
491293
-1
491824
492085
492348
-1
492878
493155
-1
493693
493959
-1
494367
494763
-1
-1
495558
-1
-1
496353
-1
-1
-1
497369
497584
497958
-1
-1
-1
499024
499282
499544
-1
-1
-1
500560
-1
-1
503817
504082
504356
504621
-1
-1
-1
505469
505914
506232
506457
506785
507047
507310
507575
-1
-1
508368
508631
508896
-1
-1
509677
509946
-1
-1
-1
511034
511262
511454
511851
-1
512392
512655
512933
513195
513459
513723
513992
514265
514529
514795
515069
515337
515611
515825
516138
516414
516630
516822
517218
517484
517760
-1
518286
518561
518826
519102
519381
519642
519907
-1
-1
520699
-1
521208
521481
521734
522000
522131
522513
522779
-1
523297
523568
523829
524076
524340
524589
524845
525109
525360
525625
-1
526132
-1
-1
-1
527185
527447
527711
527870
527940
-1
528756
-1
-1
-1
-1
-1
530315
530569
-1
-1
531351
531616
531880
-1
-1
532673
-1
533199
-1
533729
533985
534242
534511
-1
535026
535290
-1
-1
536072
-1
-1
-1
-1
-1
-1
537906
538161
-1
-1
-1
-1
539458
539710
539974
540245
540513
540788
-1
541338
-1
541868
542006
542408
542669
-1
543191
543455
-1
543972
544236
544508
544769
545028
-1
-1
-1
546085
546351
546624
-1
-1
547418
547681
547935
548200
548467
548728
-1
549256
549532
549796
550056
550273
550467
550853
551117
551380
551646
551916
552176
552448
552595
553001
-1
-1
-1
-1
554347
-1
-1
555167
555435
-1
-1
-1
556482
556747
-1
557266
557530
557793
558044
558318
558463
-1
-1
-1
559545
559806
560060
560324
560588
-1
-1
-1
561633
561899
-1
-1
-1
562969
563233
-1
563756
563894
564287
564542
-1
-1
565312
565599
-1
566126
566388
-1
566909
567170
-1
-1
567941
-1
-1
568732
-1
569270
569535
-1
-1
-1
-1
-1
571143
-1
-1
571941
572202
572466
572732
572992
-1
573523
-1
-1
574304
574437
-1
575097
-1
575625
-1
-1
576404
-1
-1
-1
577437
577709
-1
-1
578485
578750
-1
579279
579552
579819
580090
-1
-1
-1
581146
581401
581662
-1
582145
-1
-1
-1
-1
-1
-1
584019
-1
584539
584793
-1
585304
585568
585820
586072
586336
-1
586852
-1
587368
-1
-1
-1
588346
588627
588857
589143
589393
589630
589912
590215
-1
590730
-1
-1
591485
591731
591990
592242
592494
592736
-1
-1
-1
593756
593974
-1
594515
594767
595032
-1
-1
595799
-1
596314
-1
596832
-1
-1
597614
597876
598129
-1
-1
-1
599159
599427
599688
599935
-1
-1
600711
600964
601217
601486
601739
-1
-1
602499
602753
603012
603258
603510
-1
-1
604278
-1
604793
-1
-1
605583
605847
606104
606350
-1
-1
-1
-1
607651
-1
608168
608419
-1
-1
-1
609451
-1
609969
610234
-1
610751
611013
-1
-1
611794
612057
612320
-1
612839
613101
-1
613618
613879
-1
-1
-1
614914
-1
615430
-1
-1
-1
-1
616718
-1
617234
617498
617740
618003
-1
-1
618768
-1
619274
619538
619790
620054
-1
620561
620823
621085
-1
-1
-1
622102
622360
622621
622876
-1
-1
623668
623932
624194
624460
624723
624857
-1
625506
-1
-1
-1
-1
-1
627056
627320
627593
-1
-1
-1
-1
628891
629147
629402
629669
629922
630179
630439
630694
-1
-1
631481
631748
-1
-1
632527
-1
-1
-1
-1
-1
634064
634327
-1
634843
-1
635363
-1
635889
636164
-1
636691
-1
637210
637476
-1
-1
-1
-1
-1
-1
-1
-1
639806
640060
640330
640592
640833
-1
-1
-1
641893
-1
-1
-1
642934
643201
-1
643720
643994
-1
-1
-1
-1
645288
645541
-1
-1
-1
-1
-1
-1
-1
647597
647856
648121
648377
-1
648905
-1
-1
-1
649934
