178
532
865
1227
1643
1992
2342
2714
3081
3422
3723
4129
4503
4839
5164
5535
5861
6148
6521
6845
7195
7518
7853
8201
8550
8851
9187
9513
9857
10174
10507
10844
11181
11492
11806
12129
12444
12752
13102
13438
13749
14075
14485
14832
15205
15614
15949
16332
16717
17075
17440
17800
18183
18521
18878
19230
19588
19912
20189
20524
20888
21161
21510
21846
22183
22532
22892
23203
23563
23886
24250
24569
24930
25305
25675
26026
26387
26746
27083
27397
27721
28056
28368
28679
29002
29367
29676
29986
30374
30709
31045
31394
31780
32112
32464
32811
33159
33485
33823
34174
34530
34842
35211
35563
35887
36247
36622
36944
37266
37617
38024
38337
38722
39082
39455
39791
40150
40523
40825
41170
41533
41846
42159
42478
42830
43154
43466
43814
44175
44489
44835
45219
45544
45880
46265
46636
46937
47248
47578
47879
48176
48536
48882
49193
49552
49905
50238
50565
50927
51285
51621
51958
52329
52656
52967
53303
53626
53916
54238
54577
54899
55211
55548
55945
56282
56627
56995
57350
57651
57996
58394
58729
59080
59452
59800
60112
60449
60798
61145
61459
61794
62156
62490
62792
63152
63547
63849
64208
64581
64940
65253
65564
65878
66192
66491
66814
67153
67487
67814
68245
68605
68988
69373
69758
70108
70490
70862
71210
71582
71953
72327
72674
73037
73394
73744
74093
74451
74826
75162
75485
75859
76219
76542
76881
77250
77613
77925
78248
78577
78898
79208
79521
79845
80159
80472
80857
81214
81530
81866
82187
82513
82814
83125
83423
83727
84050
84339
84627
84927
85239
85518
85889
86249
86595
86971
87342
87667
87990
88362
88651
88951
89242
89636
89996
90319
90714
91114
91482
91849
92230
92591
92914
93274
93648
93996
94307
94668
95027
95353
95679
96025
96350
96662
96995
97371
97683
98054
98428
98742
99053
99388
99725
100025
100350
100649
100974
101359
101755
102102
102404
102789
103172
103521
103855
104217
104565
104865
105203
105588
105972
106321
106665
107001
107316
107640
107940
108277
108575
108936
109298
109670
110006
110368
110763
111135
111460
111821
112202
112552
112876
113213
113570
113886
114218
114559
114893
115220
115546
115904
116215
116541
116904
117277
117601
117943
118326
118641
118980
119323
119676
119997
120335
120675
121033
121321
121705
122055
122376
122653
123015
123339
123688
124011
124394
124769
125103
125438
125779
126100
126401
126747
127143
127484
127806
128149
128515
128840
129151
129500
129836
130149
130462
130807
131134
131434
131759
132096
132420
132730
133057
133440
133800
134120
134506
134881
135204
135543
135912
136240
136513
136875
137225
137532
137857
138217
138568
138927
139274
139674
140008
140332
140693
141078
141404
141714
142062
142401
142788
143124
143468
143866
144236
144570
144934
145246
145594
145905
146243
146591
146887
147193
147576
147960
148297
148665
149054
149380
149667
149990
150344
150641
150987
151301
151646
151924
152236
152597
152935
153245
153576
153951
154314
154639
154986
155311
155609
155922
156249
156606
156913
157228
157556
157855
158169
158461
158819
159153
159487
159887
160272
160608
160942
161305
161621
161953
162265
162602
162920
163203
163538
163871
164171
164495
164823
165196
165555
165867
166189
166520
166828
167141
167453
167717
168028
168333
168608
168919
169220
169700
170108
170463
170839
171213
171597
171958
172329
172702
173038
173424
173795
174143
174466
174802
175187
175528
175873
176245
176606
176919
177253
177603
177963
178292
178589
178970
179342
179728
180016
180366
180702
181039
181333
181659
182008
182370
182683
183019
183392
183735
184054
184399
184773
185098
185398
185760
186095
186406
186714
187042
187353
187680
188002
188349
188688
189010
189372
189778
190124
190486
190837
191187
191497
191834
192195
192508
192847
193179
193538
193868
194237
194586
194934
195258
195592
195927
196242
196568
196888
197229
197538
197862
198199
198547
198910
199234
199570
199942
200258
200591
200928
201226
201553
201887
202246
202585
202922
203302
203629
203966
204268
204642
204987
205301
205649
206008
206320
206656
206980
207294
207603
207904
208278
208650
208951
209312
209691
210008
210344
210692
211052
211352
211641
212005
212325
212627
212936
213272
213598
213886
214215
214572
214884
215184
215495
215823
216124
216433
216736
217104
217417
217729
218054
218390
218694
219003
219294
219686
220023
220324
220646
220963
221293
221609
221945
222307
222613
222932
223244
223629
223975
224314
224698
225046
225354
225697
226052
226369
226690
227015
227373
227680
227997
228289
228636
228937
229246
229585
229885
230210
230521
230795
231098
231424
231759
232059
232359
232696
233021
233321
233637
234003
234316
234618
234919
235316
235649
235963
236310
236683
237007
237320
237680
238017
238327
238654
238998
239337
239650
240324
240634
240948
241284
241632
241957
242257
242534
242926
243240
243555
243889
244190
244517
244824
245141
245487
245799
246090
246409
246722
247021
247325
247637
247962
248251
248560
248850
249224
249545
249849
250193
250556
250879
251215
251554
251868
252201
252527
252885
253243
253557
253896
254315
254652
254962
255287
255649
255961
256297
256694
257079
257416
257763
258124
258433
258748
259062
259383
259695
260019
260321
260679
261004
261352
261750
262085
262401
262758
263071
263371
263697
263996
264321
264620
264930
265259
265568
265893
266203
266507
266792
267095
267417
267767
268081
268429
268858
269208
269569
269939
270291
270580
270915
271308
271646
271945
272296
272679
273030
273352
273700
274037
274401
274721
275035
275432
275767
276081
276428
276777
277087
277425
277786
278133
278444
278746
279094
279429
279719
280020
280307
280644
280898
281209
281581
281880
282169
282458
282819
283142
283406
283765
284141
284448
284786
285121
285446
285747
286058
286374
286697
286983
287295
287637
287949
288271
288595
288920
289245
289521
289913
290277
290663
291021
291368
291720
292026
292362
292715
293074
293374
293724
294108
294478
294805
295155
295510
295839
296160
296474
296797
297136
297447
297772
298131
298466
298790
299129
299480
299800
300102
300424
300760
301076
301398
301723
302069
302371
302706
303104
303487
303824
304150
304497
304822
305123
305466
305831
306177
306490
306805
307151
307476
307813
308139
308473
308821
309123
309433
309780
310105
310405
310695
311067
311391
311692
311983
312294
312617
312891
313203
313528
313881
314203
314563
315006
315364
315753
316137
316520
316869
317220
317592
317920
318261
318610
318959
319273
319594
319958
320316
320626
320988
321357
321696
322006
322358
322754
323075
323412
323777
324135
324441
324748
325060
325396
325717
326033
326332
326630
326927
327231
327559
327941
328259
328652
329051
329410
329744
330094
330478
330777
331101
331436
331757
332064
332406
332724
333081
333398
333720
334047
334358
334682
335015
335404
335731
336029
336388
336724
337033
337351
337699
338034
338373
338693
339042
339391
339709
340029
340400
340786
341102
341422
341744
342044
342356
342681
343040
343402
343715
344055
344474
344823
345169
345552
345913
346234
346566
346898
347246
347545
347884
348231
348557
348891
349227
349610
349982
350306
350644
350981
351282
351584
351905
352232
352539
352843
353168
353495
353814
354115
354454
354814
355162
355460
355775
356160
356451
356757
357060
357370
357665
357936
358262
358564
358873
359148
359429
359775
360088
360411
360721
361057
361381
361694
362043
362452
362794
363114
363499
363811
364113
364447
364804
365108
365432
365755
366095
366405
366721
367041
367378
367685
367990
368314
368642
368987
369288
369614
369948
370261
370583
370885
371209
371526
371847
372204
372544
372867
373168
373523
373850
374197
374494
374826
375174
375570
375906
376266
376647
376987
377286
377612
377948
378286
378608
378907
379221
379520
379833
380135
380449
380750
381059
381372
381709
382029
382329
382646
382970
383282
383582
383889
384191
384481
384795
385083
385395
385684
386008
386338
386692
387042
387412
387848
388180
388543
388854
389153
389467
389744
390084
390416
390716
391066
391513
391893
392278
392700
393082
393447
393801
394139
394464
394777
395082
395384
395710
396047
396374
396746
397105
397476
397815
398210
398541
398881
399220
399546
399865
400193
400526
400854
401166
401512
401863
402173
402509
402861
403244
403564
403916
404254
404577
404875
405213
405598
406002
406333
406679
407037
407365
407653
407997
408334
408636
408964
409313
409662
409947
410305
410629
410967
411256
411566
411881
412205
412513
412828
413160
413490
413814
414138
414463
414774
415049
415412
415760
416061
416360
416660
416963
417298
417585
417897
418194
418463
418775
419053
419364
419642
419928
420207
420552
420818
421151
421465
421825
422138
422426
422775
423099
423400
423714
424059
424349
424708
425044
425404
425715
426030
426352
426656
426976
427348
427651
427998
428432
428792
429093
429476
429851
430187
430499
430809
431125
431424
431723
432035
432371
432684
432962
433298
433670
433970
434271
434583
434893
435159
435496
435831
436207
436525
436874
437239
437563
437874
438161
438532
438836
439133
439458
439819
440144
440446
440817
441202
441585
441909
442232
442555
442868
443171
443459
443808
444192
444503
444865
445257
445596
445933
446270
446603
446907
447194
447485
447771
448059
448336
448602
448949
449225
449586
449984
450364
450704
451097
451496
451844
452203
452576
452901
453201
453466
453828
454125
454424
454729
455026
455361
455652
455974
456277
456579
456872
457177
457490
457814
458115
458391
458728
459051
459374
459662
459955
460216
460542
460807
461129
461440
461705
462054
462353
462655
462966
463279
463590
463893
464189
464479
464757
465023
465321
465411
465601
465838
466132
466404
466684
466942
467222
467436
468003
468263
468526
468803
469079
469333
469584
469850
470152
470404
470705
470979
471258
471639
471999
472398
472803
473190
473511
473863
474224
474538
474893
475182
475506
475830
476152
476456
476794
477141
477449
477753
478067
478391
478693
478977
479279
479578
479861
480156
480457
480755
481049
481335
481680
481990
482297
482682
483088
483411
483772
484146
484507
484837
485166
485477
485814
486122
486427
486751
487088
487401
487725
488072
488446
488770
489068
489370
489702
490001
490321
490668
490969
491281
491593
491988
492323
492650
492963
493295
493604
493924
494248
494557
494875
495198
495644
496014
496397
496756
497081
497421
497705
498020
498318
498630
498942
499229
499520
499859
500171
500495
500817
501131
501456
501761
502053
502366
502680
502949
503234
503509
503832
504132
504419
504734
505054
505359
505657
505984
506281
506581
506898
507186
507514
507814
508147
508451
508764
509107
509563
509937
510326
510700
511088
511484
511843
512209
512554
512950
513310
513650
514009
514395
514728
515052
515363
515659
515944
516255
516562
516861
517148
517443
517731
518216
518311
520628
521609
522003
522315
522667
523026
523356
523660
523973
524324
524709
525065
525382
525729
526137
526509
526852
527207
527543
527888
528194
528508
528822
529141
529500
529822
530176
530613
530973
531348
531707
532045
532371
532697
532997
533308
533608
533968
534271
534638
534994
535411
535803
536174
536584
536955
537322
537704
538036
538385
538714
539014
539315
539614
539962
540301
540622
540995
541309
541609
541921
542243
542607
542901
543183
543575
543919
544262
544690
545078
545426
545773
546115
546425
546732
547034
547332
547635
547970
548297
548612
548914
549246
549567
549878
550182
550535
550831
551124
551418
551706
552284
552573
552814
552887
553246
553560
553882
554291
554711
555070
555466
555837
556187
556582
556944
557304
557678
558110
558484
558875
559262
559625
560033
560399
560757
561112
561509
561855
562194
562516
562825
563128
563439
563757
564068
564365
564644
564980
565278
565577
565879
566159
566437
566731
567018
567321
567646
567930
568236
568536
568907
569243
569555
569903
570239
570682
571024
571332
571645
571981
572298
572607
572902
573240
573577
573888
574201
574490
574851
575180
575493
575805
576110
576448
576772
577072
577361
577638
577952
578244
583779
583873
585831
585918
588066
588160
591343
591436
594003
594254
594534
594822
595085
595376
595663
595960
596238
596560
596845
597150
597438
597763
598076
598399
598737
599204
599564
600009
600430
600802
601212
601596
601988
602329
602771
603120
603490
603899
604300
604706
605115
605525
605892
606327
606685
607084
607467
607810
608178
608560
608907
609257
609631
610098
610505
610876
611274
611671
612009
612369
612681
613099
613522
613904
614303
614677
615056
615441
615804
616129
616405
616753
617064
617378
617688
617973
618300
618591
618877
619178
619477
619779
620058
620367
620644
620965
621243
621529
621833
622132
622418
622702
622987
623298
623597
623921
624209
624487
624812
625077
625399
625698
625978
626288
626625
626915
627227
627525
627826
628113
628424
628691
629026
629303
629628
629926
630241
630550
630887
631166
631441
631788
632124
632460
632781
633217
633639
634035
634409
634802
635175
635597
635968
636327
636663
637034
637433
637804
638160
638540
638912
639271
639643
640016
640350
640755
641137
641528
641894
642274
642621
642981
643307
643630
643904
644219
644510
647159
647322
647603
647687
647780
648140
