144
-1
-1
1192
-1
-1
2312
-1
3048
-1
-1
4096
4472
4808
-1
5504
-1
-1
-1
6840
-1
7480
-1
-1
-1
-1
-1
-1
9824
-1
-1
-1
11144
11456
11776
12096
-1
-1
13072
13408
-1
-1
14456
14792
15176
15584
-1
-1
-1
17056
17408
17768
18144
-1
-1
19200
19552
-1
20184
20520
20856
21160
21472
21816
22152
22504
22864
-1
-1
-1
-1
-1
-1
-1
-1
-1
-1
-1
-1
27368
-1
-1
-1
28648
-1
29336
29656
-1
30336
-1
-1
-1
-1
-1
-1
32776
-1
33456
-1
34144
-1
-1
-1
-1
-1
36216
36592
-1
-1
37616
37992
-1
-1
-1
39416
39752
-1
-1
-1
-1
-1
-1
42128
42448
42792
-1
-1
-1
-1
-1
-1
-1
-1
-1
-1
46592
-1
-1
-1
-1
-1
-1
48840
49176
49520
-1
50208
50528
-1
51256
51584
-1
-1
52624
52936
-1
-1
-1
54208
-1
-1
-1
-1
-1
-1
-1
-1
57312
-1
-1
-1
-1
-1
59400
-1
-1
-1
-1
-1
61424
-1
62128
-1
-1
-1
-1
-1
-1
64552
-1
65224
-1
65848
-1
66456
-1
-1
67448
67784
68216
-1
68960
-1
69720
70080
-1
-1
-1
71552
-1
72288
72640
73000
-1
-1
-1
-1
-1
-1
-1
-1
-1
76512
-1
77216
77568
77896
78216
-1
-1
79176
-1
-1
-1
-1
-1
81176
-1
-1
-1
-1
-1
-1
-1
-1
84000
-1
84592
-1
85208
-1
-1
86216
86560
-1
-1
-1
-1
-1
-1
-1
-1
-1
-1
90288
-1
-1
-1
-1
92200
-1
92880
-1
93616
-1
-1
94632
-1
-1
95648
-1
-1
96624
-1
-1
-1
-1
-1
98712
-1
-1
-1
-1
100312
100648
-1
101320
-1
-1
-1
102760
-1
-1
103824
-1
-1
-1
-1
-1
-1
-1
106632
-1
-1
-1
-1
-1
-1
-1
-1
-1
109976
-1
-1
-1
-1
111784
-1
112520
-1
113184
-1
113864
114184
114528
-1
-1
-1
115856
-1
116512
116872
-1
-1
-1
-1
-1
-1
-1
-1
-1
-1
-1
-1
121320
-1
122024
122344
-1
122984
123336
123656
-1
124360
124736
125064
125408
-1
-1
-1
-1
-1
127456
-1
128120
-1
-1
-1
129464
-1
-1
130432
130776
131096
-1
-1
132064
-1
-1
-1
-1
133760
134088
-1
-1
-1
-1
135880
-1
136512
136840
-1
137512
137824
138184
138568
-1
-1
-1
-1
-1
-1
141040
-1
-1
-1
142400
-1
143096
143464
143864
144216
-1
-1
-1
-1
145872
146208
146552
-1
-1
-1
-1
-1
-1
149016
149352
149664
-1
150312
-1
-1
151272
-1
-1
-1
152568
152904
153208
-1
153920
154280
154608
-1
-1
155592
-1
-1
-1
-1
-1
-1
-1
-1
158432
158784
159136
159456
159848
160240
-1
160912
-1
-1
161904
-1
-1
-1
-1
-1
163840
164152
164464
164792
165168
-1
165832
-1
-1
166808
167112
167408
167696
-1
-1
168608
-1
-1
-1
-1
-1
-1
171184
-1
171920
-1
172672
-1
-1
173728
-1
-1
-1
-1
-1
-1
-1
176576
-1
-1
-1
-1
-1
-1
-1
-1
-1
180016
-1
180672
181008
-1
181624
-1
-1
-1
-1
-1
183704
-1
184368
184744
185080
-1
-1
-1
-1
-1
-1
-1
-1
-1
188320
-1
-1
189344
-1
190104
190456
190808
191152
-1
191800
192152
-1
192816
193144
-1
193848
194200
-1
-1
195224
-1
195896
196224
-1
196856
197192
197520
197832
198168
-1
198872
-1
-1
-1
200240
200560
-1
201208
-1
201856
202216
202552
-1
-1
-1
203928
-1
-1
-1
205264
-1
205968
206280
206608
206944
207264
-1
-1
-1
-1
208912
-1
-1
-1
-1
210656
211000
-1
-1
-1
-1
-1
-1
213240
213568
-1
214184
-1
-1
-1
215464
215792
216104
-1
216704
217072
-1
-1
218024
-1
-1
218968
-1
219656
219992
220296
220616
220960
-1
-1
-1
222272
-1
222896
223216
-1
-1
-1
-1
225016
-1
225664
-1
226352
-1
226984
227344
-1
-1
228288
228600
-1
229216
-1
-1
-1
-1
230776
-1
231392
-1
232024
232328
-1
-1
-1
233608
-1
-1
-1
-1
-1
-1
-1
-1
-1
-1
-1
237640
237984
-1
-1
238968
239304
-1
-1
-1
-1
-1
-1
-1
-1
-1
-1
-1
-1
-1
-1
244184
244496
244792
-1
-1
-1
-1
-1
246688
247000
247288
247600
-1
248232
248528
248848
249192
249512
-1
250160
-1
250848
251184
-1
251864
-1
-1
-1
253208
-1
-1
-1
-1
254928
255256
255608
-1
-1
256664
-1
-1
-1
-1
-1
-1
-1
-1
-1
-1
260320
260648
-1
-1
-1
262064
262400
-1
-1
263352
-1
263976
-1
264584
-1
265224
-1
265856
-1
-1
-1
267064
-1
267736
-1
268400
-1
269184
269536
269904
-1
-1
270912
-1
271608
-1
-1
272648
273000
273320
-1
-1
-1
274688
275032
-1
275728
276048
-1
-1
277056
-1
277752
278096
-1
278744
-1
279392
279688
-1
-1
-1
280896
281208
281544
281848
282136
-1
-1
-1
-1
-1
-1
-1
284752
285088
-1
285712
286024
286344
-1
-1
287264
287608
287928
288240
288560
288888
289216
289520
289880
290272
290632
290984
-1
-1
-1
-1
292680
-1
-1
-1
294104
-1
294776
-1
-1
-1
296128
-1
-1
-1
-1
-1
-1
-1
-1
-1
299448
299760
300072
-1
300728
-1
-1
-1
-1
302352
-1
-1
-1
-1
-1
-1
304792
-1
-1
-1
306144
-1
306776
307120
-1
307784
-1
-1
308784
-1
-1
309744
310072
-1
310696
-1
311352
-1
-1
312264
-1
312872
-1
313496
-1
314168
314528
314976
315344
-1
316104
316480
316832
-1
-1
-1
318232
-1
-1
-1
-1
319928
-1
-1
320952
321328
-1
-1
322328
322720
323056
323384
-1
-1
-1
-1
-1
-1
-1
325976
-1
-1
-1
-1
327520
327912
-1
328616
329024
329392
-1
330056
330440
330760
331072
331408
-1
-1
-1
-1
333064
333368
333688
334016
334336
-1
-1
335376
335712
-1
336360
336696
337016
337320
337672
-1
338352
338664
339008
-1
339688
340000
-1
-1
-1
-1
-1
342024
342336
-1
-1
-1
-1
-1
-1
-1
-1
-1
-1
-1
346536
-1
-1
-1
-1
-1
-1
-1
-1
-1
-1
350288
350616
-1
-1
-1
351872
-1
352520
-1
-1
-1
353792
354096
354424
-1
-1
-1
-1
-1
356432
-1
-1
-1
-1
-1
-1
358536
-1
-1
-1
-1
360064
-1
-1
-1
-1
361672
-1
-1
-1
-1
363464
363792
364096
-1
364776
365088
365400
-1
-1
366384
-1
-1
-1
-1
367968
-1
-1
-1
-1
-1
369912
370232
-1
370856
-1
-1
-1
372168
-1
-1
373168
-1
-1
-1
-1
374800
-1
375536
375880
-1
-1
376952
377256
377576
377920
378256
-1
-1
-1
-1
-1
-1
-1
-1
-1
-1
381680
-1
-1
-1
-1
-1
383552
-1
384160
-1
-1
385048
385360
385656
385976
-1
-1
-1
-1
-1
388176
388504
388816
389120
-1
-1
-1
-1
-1
-1
-1
391864
-1
392672
-1
-1
-1
-1
-1
394744
395048
-1
395680
396016
396344
-1
-1
-1
-1
-1
-1
398848
399184
-1
399832
400160
-1
-1
401128
-1
401824
402152
402456
-1
-1
403544
-1
-1
-1
404856
-1
-1
-1
406304
406648
407008
-1
-1
407968
408304
408616
-1
-1
409632
409944
410272
410600
-1
-1
411536
-1
412168
412480
-1
-1
-1
-1
414104
414432
414744
415048
-1
-1
-1
-1
-1
-1
-1
-1
417864
418160
418440
418736
-1
-1
-1
419896
-1
-1
420816
421120
421464
-1
-1
422424
422744
-1
423368
-1
-1
424344
-1
-1
-1
425680
425992
426320
426624
426944
-1
427648
-1
-1
-1
-1
429440
-1
430152
-1
-1
431096
431392
431688
-1
432336
-1
-1
433296
-1
433936
434240
434552
-1
-1
-1
-1
-1
-1
-1
437208
-1
-1
-1
-1
438808
-1
-1
-1
-1
440416
-1
441200
-1
-1
442200
-1
-1
-1
443456
443808
444152
-1
-1
-1
445560
445896
446232
-1
-1
-1
-1
-1
-1
-1
448600
-1
-1
-1
449952
-1
-1
451064
451464
-1
-1
452536
-1
-1
453464
-1
-1
454392
454696
455024
455328
-1
-1
-1
-1
456840
-1
457448
-1
-1
-1
-1
-1
459344
-1
-1
-1
-1
-1
461096
461400
461704
462016
462320
462624
-1
463240
-1
-1
-1
-1
464728
-1
-1
-1
465832
-1
-1
-1
-1
-1
467432
467696
467968
-1
468504
-1
469032
-1
-1
-1
-1
470400
-1
470960
471256
471608
-1
-1
-1
473152
-1
-1
474192
474536
-1
-1
475472
475800
-1
-1
-1
477104
-1
-1
-1
-1
-1
-1
479248
-1
479840
-1
-1
480736
-1
-1
-1
-1
482280
-1
-1
483392
483744
-1
-1
484816
-1
-1
-1
486104
486408
486720
-1
-1
-1
488040
488416
-1
-1
489368
489680
-1
-1
-1
-1
-1
-1
-1
-1
-1
492928
-1
493584
-1
-1
494536
494856
-1
-1
-1
-1
-1
-1
-1
-1
-1
498296
498600
-1
499207
499503
499831
-1
-1
-1
-1
-1
501743
-1
502335
-1
-1
503215
-1
-1
-1
504399
504703
-1
-1
-1
-1
506263
-1
506871
507183
507495
-1
-1
-1
508743
509087
509535
-1
-1
-1
511055
-1
511823
512191
-1
-1
-1
-1
514007
514375
514711
515023
515343
515639
515927
516223
516543
-1
-1
517423
517711
-1
-1
-1
518831
519111
519407
-1
-1
520279
-1
520903
-1
-1
-1
522295
522639
-1
-1
523639
523951
524295
524679
525047
-1
-1
-1
-1
-1
527167
-1
527855
528175
528479
528791
-1
-1
529799
-1
530583
-1
531319
-1
-1
532351
-1
-1
-1
-1
-1
-1
-1
-1
535383
535783
-1
-1
536935
-1
-1
-1
538367
-1
-1
-1
-1
-1
-1
-1
540959
541287
541591
-1
-1
-1
542879
543183
-1
543895
-1
-1
-1
545407
545743
-1
546407
546703
547015
-1
547615
-1
-1
-1
-1
-1
549535
549847
-1
-1
-1
-1
551399
551687
-1
-1
-1
552887
-1
553543
553863
-1
-1
-1
-1
-1
556167
556551
-1
-1
-1
-1
-1
558855
-1
559607
-1
-1
-1
561111
561487
-1
-1
-1
562807
-1
-1
563727
-1
564343
564639
564951
-1
-1
-1
-1
-1
566711
566999
-1
-1
567911
-1
568535
568879
569223
569535
-1
-1
-1
-1
-1
571647
-1
572279
-1
-1
-1
573543
573871
574183
-1
-1
-1
575471
-1
576111
576431
-1
577047
-1
577639
577935
578223
-1
-1
-1
579439
579743
580055
580511
580935
581343
-1
-1
582487
-1
583231
583591
-1
-1
584695
585055
-1
585799
586143
586479
-1
-1
-1
-1
-1
-1
-1
-1
-1
-1
-1
590999
-1
-1
591887
-1
592431
-1
-1
593199
593455
-1
-1
-1
594503
594791
-1
-1
-1
595927
-1
-1
-1
-1
-1
-1
-1
598375
-1
-1
599543
599943
600391
600799
-1
-1
601967
602327
602735
-1
-1
-1
-1
-1
605111
-1
605887
606295
606663
607047
-1
607791
-1
608527
608887
-1
-1
-1
610471
610855
-1
-1
612007
-1
612679
613095
-1
613903
-1
-1
615031
615407
-1
-1
-1
-1
-1
-1
617655
-1
618279
-1
-1
619175
-1
619759
620039
620335
620639
-1
621223
-1
-1
622095
622399
-1
-1
623295
-1
-1
-1
-1
-1
-1
625375
625655
-1
-1
-1
626895
-1
-1
-1
628111
-1
-1
-1
-1
-1
-1
630199
630519
630839
-1
631439
-1
-1
632431
-1
633215
-1
-1
634407
634783
-1
635567
-1
-1
-1
-1
-1
637783
-1
-1
-1
-1
-1
-1
-1
-1
641111
-1
-1
642215
642583
642943
643287
-1
-1
-1
-1
644775
645079
-1
-1
-1
646231
646519
646815
647095
-1
-1
-1
-1
648455
648735
649039
649343
649631
-1
