-0,005
-0,005
-0,005
-0,005
-0,005
0
0
0
0
0
0
0
0
0
0
0
0
0
0
-0,005
-0,005
-0,005
-0,005
-0,005
-0,005
-0,01
-0,01
-0,01
-0,01
-0,015
-0,015
-0,015
-0,02
-0,02
-0,025
-0,025
-0,03
-0,03
-0,03
-0,03
-0,035
-0,035
-0,035
-0,035
-0,035
-0,035
-0,035
-0,035
-0,035
-0,035
-0,035
-0,035
-0,035
-0,03
-0,03
-0,03
-0,025
-0,025
-0,025
-0,025
-0,025
-0,025
-0,03
-0,03
-0,03
-0,03
-0,03
-0,03
-0,03
-0,03
-0,03
-0,03
-0,025
-0,025
-0,025
-0,025
-0,025
-0,03
-0,03
-0,03
-0,03
-0,035
-0,035
-0,035
-0,035
-0,04
-0,04
-0,04
-0,04
-0,04
-0,04
-0,04
-0,04
-0,04
-0,04
-0,035
-0,035
-0,035
-0,035
-0,035
-0,035
-0,035
-0,035
-0,04
-0,04
-0,04
-0,04
-0,04
-0,04
-0,04
-0,04
-0,04
-0,04
-0,035
-0,035
-0,035
-0,035
-0,035
-0,035
-0,035
-0,035
-0,035
-0,035
-0,035
-0,035
-0,035
-0,035
-0,035
-0,035
-0,035
-0,035
-0,035
-0,035
-0,035
-0,035
-0,035
-0,035
-0,035
-0,035
-0,035
-0,04
-0,04
-0,04
-0,04
-0,04
-0,045
-0,045
-0,045
-0,045
-0,045
-0,045
-0,045
-0,045
-0,045
-0,045
-0,045
-0,04
-0,04
-0,04
-0,04
-0,04
-0,04
-0,04
-0,04
-0,035
-0,035
-0,035
-0,03
-0,03
-0,03
-0,03
-0,03
-0,035
-0,035
-0,035
-0,035
-0,035
-0,035
-0,035
-0,035
-0,035
-0,035
-0,035
-0,035
-0,035
-0,035
-0,035
-0,04
-0,04
-0,04
-0,04
-0,04
-0,04
-0,04
-0,04
-0,04
-0,04
-0,04
-0,04
-0,04
-0,045
-0,045
-0,045
-0,04
-0,04
-0,04
-0,04
-0,035
-0,035
-0,03
-0,025
-0,025
-0,02
-0,015
-0,015
-0,015
-0,01
-0,01
-0,01
-0,01
-0,01
-0,01
-0,01
-0,01
-0,01
-0,01
-0,015
-0,015
-0,015
-0,015
-0,02
-0,02
-0,02
-0,02
-0,02
-0,02
-0,025
-0,025
-0,025
-0,025
-0,03
-0,03
-0,03
-0,035
-0,035
-0,04
-0,04
-0,045
-0,045
-0,05
-0,05
-0,055
-0,055
-0,055
-0,06
-0,06
-0,06
-0,065
-0,065
-0,065
-0,07
-0,07
-0,075
-0,075
-0,075
-0,08
-0,08
-0,085
-0,085
-0,085
-0,085
-0,09
-0,09
-0,09
-0,09
-0,09
-0,09
-0,09
-0,09
-0,09
-0,09
-0,09
-0,095
-0,095
-0,095
-0,095
-0,095
-0,095
-0,095
-0,095
-0,095
-0,095
-0,095
-0,095
-0,095
-0,09
-0,09
-0,09
-0,09
-0,09
-0,09
-0,09
-0,09
-0,09
-0,09
-0,085
-0,085
-0,085
-0,085
-0,085
-0,085
-0,085
-0,085
-0,085
-0,08
-0,08
-0,075
-0,075
-0,07
-0,07
-0,07
-0,07
-0,07
-0,07
-0,07
-0,07
-0,065
-0,065
-0,065
-0,065
-0,065
-0,065
-0,065
-0,065
-0,07
-0,07
-0,07
-0,07
-0,07
-0,07
-0,07
-0,07
-0,07
-0,07
-0,075
-0,075
-0,075
-0,075
-0,075
-0,075
-0,075
-0,075
-0,075
-0,075
-0,075
-0,07
-0,07
-0,07
-0,065
-0,065
-0,06
-0,055
-0,055
-0,055
-0,05
-0,05
-0,05
-0,05
-0,05
-0,05
-0,05
-0,05
-0,05
-0,055
-0,055
-0,055
-0,055
-0,06
-0,06
-0,065
-0,065
-0,07
-0,07
-0,075
-0,08
-0,08
-0,085
-0,09
-0,1
-0,105
-0,115
-0,125
-0,13
-0,14
-0,15
-0,155
-0,165
-0,17
-0,175
-0,175
-0,18
-0,18
-0,18
-0,18
-0,175
-0,165
-0,155
-0,14
-0,125
-0,105
-0,08
-0,05
-0,015
0,02
0,065
0,115
0,17
0,23
0,3
0,37
0,45
0,53
0,615
0,705
0,795
0,885
0,975
1,06
1,14
1,22
1,29
1,355
1,415
1,47
1,52
1,565
1,6
1,63
1,65
1,66
1,66
1,655
1,64
1,62
1,595
1,56
1,525
1,48
1,43
1,38
1,32
1,255
1,185
1,115
1,035
0,955
0,87
0,785
0,7
0,61
0,525
0,445
0,37
0,295
0,23
0,17
0,12
0,075
0,03
0
-0,03
-0,06
-0,08
-0,1
-0,115
-0,13
-0,14
-0,145
-0,15
-0,155
-0,16
-0,16
-0,16
-0,16
-0,155
-0,155
-0,15
-0,145
-0,14
-0,14
-0,135
-0,135
-0,13
-0,13
-0,13
-0,13
-0,125
-0,125
-0,125
-0,125
-0,12
-0,12
-0,12
-0,12
-0,12
-0,12
-0,12
-0,125
-0,125
-0,13
-0,13
-0,135
-0,135
-0,14
-0,14
-0,145
-0,145
-0,15
-0,15
-0,15
-0,15
-0,155
-0,15
-0,15
-0,15
-0,145
-0,145
-0,14
-0,135
-0,13
-0,125
-0,12
-0,115
-0,11
-0,105
-0,105
-0,1
-0,095
-0,09
-0,085
-0,08
-0,075
-0,075
-0,07
-0,07
-0,07
-0,065
-0,065
-0,065
-0,065
-0,065
-0,06
-0,06
-0,06
-0,055
-0,055
-0,055
-0,055
-0,055
-0,055
-0,055
-0,055
-0,06
-0,06
-0,06
-0,06
-0,06
-0,06
-0,06
-0,06
-0,06
-0,06
-0,06
-0,06
-0,06
-0,06
-0,06
-0,06
-0,06
-0,06
-0,06
-0,06
-0,06
-0,06
-0,06
-0,06
-0,06
-0,06
-0,055
-0,055
-0,055
-0,05
-0,05
-0,05
-0,05
-0,05
-0,055
-0,055
-0,055
-0,06
-0,06
-0,06
-0,065
-0,065
-0,065
-0,07
-0,07
-0,07
-0,075
-0,075
-0,075
-0,075
-0,075
-0,075
-0,075
-0,075
-0,075
-0,075
-0,075
-0,07
-0,07
-0,07
-0,07
-0,065
-0,065
-0,065
-0,065
-0,065
-0,065
-0,07
-0,07
-0,07
-0,075
-0,075
-0,075
-0,075
-0,08
-0,08
-0,08
-0,085
-0,085
-0,085
-0,085
-0,085
-0,085
-0,085
-0,09
-0,09
-0,09
-0,085
-0,085
-0,085
-0,085
-0,085
-0,085
-0,085
-0,08
-0,08
-0,08
-0,075
-0,075
-0,075
-0,07
-0,07
-0,065
-0,065
-0,065
-0,06
-0,06
-0,055
-0,055
-0,05
-0,05
-0,045
-0,045
-0,045
-0,04
-0,04
-0,035
-0,035
-0,03
-0,03
-0,03
-0,025
-0,025
-0,02
-0,02
-0,015
-0,015
-0,015
-0,01
-0,01
-0,01
-0,01
-0,005
-0,005
-0,005
0
0
0
0
0
0
0
0
0
0
0
0
-0,005
-0,005
-0,005
-0,005
-0,005
-0,005
-0,005
-0,005
-0,005
-0,005
-0,005
0
0
0
0,005
0,005
0,01
0,01
0,015
0,015
0,02
0,02
0,025
0,025
0,03
0,03
0,035
0,035
0,035
0,04
0,035
0,035
0,035
0,035
0,03
0,03
0,03
0,03
0,03
0,025
0,025
0,03
0,03
0,03
0,03
0,035
0,035
0,035
0,035
0,035
0,04
0,04
0,04
0,04
0,04
0,04
0,04
0,04
0,035
0,035
0,03
0,03
0,03
0,03
0,03
0,03
0,03
0,025
0,025
0,025
0,025
0,02
0,02
0,02
0,015
0,015
0,01
0,01
0,005
0,005
0
0
0
0
-0,005
-0,005
-0,01
-0,01
-0,015
-0,02
-0,02
-0,025
-0,025
-0,025
-0,03
-0,03
-0,03
-0,03
-0,03
-0,03
-0,03
-0,025
-0,025
-0,02
-0,02
-0,015
-0,015
-0,01
-0,01
-0,01
-0,005
-0,005
-0,005
-0,005
-0,005
-0,005
0
0
0
0
0
-0,005
-0,005
-0,005
-0,005
-0,005
-0,005
-0,005
-0,005
0
0
0
0
0
0
0
0
0
0
0
0
0
0,005
0,005
0,005
0,005
0,005
0,005
0,005
0,005
0,01
0,01
0,01
0,01
0,015
0,015
0,015
0,015
0,015
0,015
0,015
0,015
0,01
0,01
0,005
0,005
0
0
-0,005
-0,01
-0,01
-0,015
-0,015
-0,015
-0,015
-0,015
-0,015
-0,02
-0,02
-0,02
-0,02
-0,015
-0,015
-0,015
-0,015
-0,015
-0,015
-0,015
-0,015
-0,015
-0,015
-0,015
-0,015
-0,015
-0,01
-0,01
-0,01
-0,01
-0,01
-0,005
-0,005
-0,005
-0,005
-0,005
0
0
0
0
0
0
0
0
0
-0,005
-0,005
-0,005
-0,005
-0,005
-0,01
-0,01
-0,01
-0,01
-0,015
-0,015
-0,015
-0,015
-0,015
-0,015
-0,015
-0,015
-0,015
-0,015
-0,02
-0,02
-0,02
-0,02
-0,02
-0,025
-0,025
-0,025
-0,03
-0,03
-0,03
-0,03
-0,03
-0,025
-0,025
-0,025
-0,025
-0,025
-0,025
-0,025
-0,025
-0,025
-0,025
-0,025
-0,03
-0,03
-0,03
-0,03
-0,03
-0,03
-0,03
-0,03
-0,03
-0,03
-0,03
-0,03
-0,025
-0,025
-0,025
-0,025
-0,025
-0,025
-0,025
-0,025
-0,025
-0,025
-0,025
-0,025
-0,03
-0,03
-0,03
-0,035
-0,035
-0,035
-0,04
-0,04
-0,04
-0,04
-0,04
-0,04
-0,04
-0,045
-0,045
-0,045
-0,045
-0,045
-0,05
-0,05
-0,05
-0,05
-0,05
-0,05
-0,05
-0,05
-0,05
-0,05
-0,05
-0,05
-0,05
-0,045
-0,045
-0,045
-0,045
-0,045
-0,045
-0,04
-0,04
-0,04
-0,04
-0,04
-0,04
-0,04
-0,04
-0,04
-0,04
-0,04
-0,04
-0,045
-0,045
-0,045
-0,045
-0,045
-0,045
-0,045
-0,045
-0,045
-0,045
-0,045
-0,045
-0,045
-0,045
-0,045
-0,04
-0,04
-0,04
-0,035
-0,035
-0,03
-0,03
-0,03
-0,03
-0,03
-0,03
-0,03
-0,035
-0,035
-0,035
-0,035
-0,035
-0,04
-0,04
-0,04
-0,04
-0,045
-0,045
-0,045
-0,05
-0,05
-0,05
-0,05
-0,055
-0,055
-0,055
-0,055
-0,055
-0,055
-0,055
-0,055
-0,055
-0,055
-0,055
-0,055
-0,055
-0,055
-0,055
-0,055
-0,055
-0,05
-0,05
-0,05
-0,05
-0,05
-0,045
-0,045
-0,045
-0,05
-0,05
-0,05
-0,05
-0,045
-0,045
-0,045
-0,045
-0,045
-0,045
-0,045
-0,045
-0,045
-0,045
-0,045
-0,045
-0,045
-0,045
-0,045
-0,045
-0,045
-0,045
-0,045
-0,045
-0,045
-0,045
-0,045
-0,045
-0,05
-0,05
-0,05
-0,05
-0,05
-0,05
-0,05
-0,05
-0,05
-0,05
-0,05
-0,05
-0,045
-0,045
-0,045
-0,045
-0,04
-0,04
-0,04
-0,04
-0,035
-0,035
-0,03
-0,03
-0,03
-0,03
-0,025
-0,025
-0,025
-0,025
-0,02
-0,02
-0,015
-0,015
-0,015
-0,01
-0,01
-0,01
-0,01
-0,015
-0,015
-0,015
-0,02
-0,02
-0,02
-0,025
-0,025
-0,03
-0,03
-0,035
-0,035
-0,04
-0,045
-0,045
-0,05
-0,055
-0,055
-0,06
-0,065
-0,065
-0,07
-0,07
-0,075
-0,075
-0,075
-0,08
-0,08
-0,08
-0,08
-0,085
-0,085
-0,085
-0,085
-0,085
-0,08
-0,08
-0,08
-0,08
-0,08
-0,085
-0,085
-0,085
-0,085
-0,085
-0,09
-0,09
-0,095
-0,1
-0,1
-0,105
-0,105
-0,11
-0,11
-0,115
-0,115
-0,115
-0,115
-0,115
-0,115
-0,115
-0,115
-0,115
-0,115
-0,11
-0,11
-0,11
-0,105
-0,105
-0,105
-0,1
-0,1
-0,1
-0,1
-0,1
-0,1
-0,1
-0,105
-0,105
-0,105
-0,105
-0,1
-0,1
-0,1
-0,1
-0,1
-0,095
-0,095
-0,095
-0,09
-0,09
-0,09
-0,085
-0,085
-0,085
-0,085
-0,085
-0,085
-0,085
-0,085
-0,09
-0,09
-0,095
-0,095
-0,095
-0,095
-0,1
-0,1
-0,1
-0,105
-0,105
-0,105
-0,105
-0,105
-0,105
-0,1
-0,1
-0,1
-0,1
-0,1
-0,1
-0,1
-0,1
-0,095
-0,095
-0,095
-0,09
-0,09
-0,09
-0,085
-0,085
-0,085
-0,085
-0,085
-0,085
-0,085
-0,085
-0,08
-0,08
-0,08
-0,08
-0,08
-0,08
-0,08
-0,08
-0,08
-0,08
-0,08
-0,08
-0,08
-0,08
-0,08
-0,08
-0,08
-0,08
-0,08
-0,085
-0,085
-0,09
-0,095
-0,1
-0,105
-0,11
-0,115
-0,125
-0,13
-0,14
-0,145
-0,155
-0,165
-0,17
-0,18
-0,185
-0,195
-0,2
-0,205
-0,21
-0,215
-0,21
-0,21
-0,205
-0,195
-0,185
-0,17
-0,15
-0,13
-0,105
-0,075
-0,04
-0,005
0,04
0,09
0,145
0,205
0,275
0,345
0,425
0,51
0,595
0,685
0,775
0,87
0,96
1,045
1,135
1,215
1,29
1,365
1,43
1,495
1,55
1,6
1,645
1,675
1,7
1,715
1,72
1,715
1,7
1,68
1,655
1,62
1,58
1,535
1,485
1,425
1,36
1,29
1,215
1,135
1,05
0,96
0,865
0,775
0,68
0,585
0,49
0,405
0,32
0,245
0,17
0,11
0,055
0,005
-0,035
-0,075
-0,105
-0,13
-0,15
-0,17
-0,185
-0,195
-0,205
-0,21
-0,21
-0,215
-0,215
-0,215
-0,215
-0,21
-0,205
-0,205
-0,2
-0,195
-0,19
-0,185
-0,185
-0,18
-0,18
-0,175
-0,175
-0,17
-0,17
-0,165
-0,165
-0,16
-0,155
-0,15
-0,15
-0,145
-0,145
-0,145
-0,145
-0,145
-0,15
-0,15
-0,155
-0,155
-0,16
-0,165
-0,17
-0,175
-0,175
-0,18
-0,18
-0,18
-0,18
-0,18
-0,18
-0,18
-0,175
-0,175
-0,175
-0,17
-0,17
-0,165
-0,16
-0,16
-0,155
-0,15
-0,145
-0,14
-0,135
-0,13
-0,125
-0,12
-0,12
-0,115
-0,11
-0,11
-0,105
-0,105
-0,1
-0,095
-0,095
-0,09
-0,085
-0,085
-0,08
-0,08
-0,08
-0,075
-0,075
-0,075
-0,07
-0,07
-0,07
-0,07
-0,07
-0,07
-0,07
-0,07
-0,07
-0,07
-0,07
-0,075
-0,075
-0,075
-0,075
-0,08
-0,08
-0,085
-0,085
-0,085
-0,085
-0,085
-0,085
-0,085
-0,08
-0,08
-0,08
-0,08
-0,08
-0,08
-0,08
-0,075
-0,075
-0,075
-0,075
-0,075
-0,075
-0,075
-0,075
-0,075
-0,075
-0,08
-0,08
-0,08
-0,085
-0,085
-0,085
-0,09
-0,09
-0,09
-0,09
-0,095
-0,095
-0,09
-0,09
-0,09
-0,09
-0,09
-0,095
-0,095
-0,095
-0,095
-0,095
-0,095
-0,095
-0,095
-0,09
-0,09
-0,09
-0,09
-0,09
-0,09
-0,09
-0,09
-0,09
-0,095
-0,095
-0,095
-0,095
-0,095
-0,095
-0,095
-0,095
-0,095
-0,095
-0,095
-0,095
-0,095
-0,095
-0,095
-0,095
-0,095
-0,095
-0,095
-0,09
-0,09
-0,09
-0,09
-0,09
-0,085
-0,085
-0,08
-0,08
-0,075
-0,075
-0,075
-0,07
-0,07
-0,065
-0,065
-0,065
-0,065
-0,06
-0,06
-0,06
-0,055
-0,055
-0,05
-0,05
-0,05
-0,045
-0,045
-0,045
-0,04
-0,04
-0,04
-0,035
-0,035
-0,035
-0,035
-0,035
-0,035
-0,03
-0,03
-0,03
-0,03
-0,025
-0,025
-0,025
-0,025
-0,025
-0,025
-0,025
-0,025
-0,025
-0,025
-0,025
-0,025
-0,03
-0,03
-0,03
-0,03
-0,03
-0,03
-0,03
-0,03
-0,03
-0,03
-0,03
-0,03
-0,03
-0,03
-0,025
-0,025
-0,025
-0,025
-0,025
-0,025
-0,025
-0,02
-0,02
-0,02
-0,02
-0,015
-0,01
-0,01
-0,005
0
0
0,005
0,005
0,01
0,01
0,01
0,01
0,015
0,015
0,015
0,015
0,015
0,02
0,02
0,02
0,02
0,02
0,02
0,02
0,02
0,02
0,015
0,015
0,015
0,015
0,015
0,02
0,02
0,02
0,02
0,02
0,02
0,02
0,02
0,015
0,015
0,01
0,01
0,005
0,005
0
0
-0,005
-0,01
-0,01
-0,015
-0,015
-0,02
-0,02
-0,02
-0,025
-0,025
-0,025
-0,025
-0,025
-0,025
-0,025
-0,025
-0,025
-0,025
-0,025
-0,025
-0,025
-0,025
-0,025
-0,025
-0,02
-0,02
-0,02
-0,02
-0,02
-0,015
-0,015
-0,01
-0,005
-0,005
0
0
0
0,005
0,005
0,005
0,005
0,005
0,005
0,005
0,005
0
0
0
0
0,005
0,005
0,005
0,005
0,005
0,005
0,01
0,01
0,01
0,01
0,015
0,015
0,015
0,015
0,015
0,015
0,015
0,015
0,015
0,015
0,015
0,015
0,015
0,01
0,01
0,01
0,01
0,01
0,01
0,01
0,01
0,005
0,005
0,005
0,005
0
0
0
0
-0,005
-0,005
-0,005
-0,005
-0,01
-0,01
-0,01
-0,01
-0,01
-0,01
-0,01
-0,01
-0,01
-0,01
-0,01
-0,01
-0,01
-0,01
-0,01
-0,01
-0,01
-0,01
-0,01
-0,01
-0,01
-0,01
-0,01
-0,01
-0,01
-0,005
-0,005
-0,005
-0,005
-0,005
0
0
0
0
0
0
0
0
0
0
0
0
0
0
0
0
0
-0,005
-0,005
-0,005
-0,005
-0,01
-0,01
-0,01
-0,01
-0,01
-0,01
-0,015
-0,015
-0,015
-0,02
-0,02
-0,02
-0,025
-0,025
-0,025
-0,03
-0,03
-0,03
-0,03
-0,03
-0,03
-0,025
-0,025
-0,025
-0,025
-0,025
-0,025
-0,025
-0,025
-0,025
-0,025
-0,03
-0,03
-0,03
-0,03
-0,03
-0,03
-0,03
-0,035
-0,035
-0,035
-0,035
-0,035
-0,035
-0,04
-0,04
-0,04
-0,04
-0,04
-0,04
-0,04
-0,04
-0,04
-0,04
-0,04
-0,04
-0,04
-0,04
-0,04
-0,04
-0,04
-0,04
-0,04
-0,04
-0,04
-0,045
-0,045
-0,045
-0,05
-0,05
-0,05
-0,05
-0,05
-0,05
-0,05
-0,05
-0,05
-0,05
-0,05
-0,05
-0,05
-0,05
-0,05
-0,045
-0,045
-0,045
-0,04
-0,04
-0,04
-0,04
-0,035
-0,035
-0,035
-0,035
-0,035
-0,035
-0,035
-0,035
-0,035
-0,035
-0,035
-0,03
-0,03
-0,03
-0,03
-0,03
-0,03
-0,03
-0,03
-0,03
-0,035
-0,035
-0,04
-0,04
-0,045
-0,045
-0,045
-0,05
-0,05
-0,055
-0,055
-0,055
-0,055
-0,06
-0,06
-0,06
-0,06
-0,06
-0,06
-0,06
-0,06
-0,065
-0,065
-0,065
-0,07
-0,07
-0,07
-0,07
-0,07
-0,07
-0,07
-0,07
-0,07
-0,065
-0,065
-0,065
-0,065
-0,065
-0,06
-0,06
-0,065
-0,065
-0,065
-0,065
-0,065
-0,065
-0,065
-0,065
-0,06
-0,06
-0,06
-0,06
-0,06
-0,06
-0,065
-0,065
-0,065
-0,065
-0,065
-0,065
-0,065
-0,065
-0,065
-0,065
-0,065
-0,065
-0,065
-0,06
-0,06
-0,06
-0,06
-0,06
-0,06
-0,065
-0,065
-0,06
-0,06
-0,06
-0,06
-0,06
-0,06
-0,06
-0,055
-0,06
-0,06
-0,06
-0,06
-0,06
-0,065
-0,065
-0,065
-0,065
-0,065
-0,065
-0,065
-0,065
-0,065
-0,065
-0,065
-0,065
-0,065
-0,065
-0,065
-0,065
-0,065
-0,065
-0,065
-0,065
-0,065
-0,065
-0,06
-0,06
-0,06
-0,055
-0,05
-0,05
-0,045
-0,045
-0,04
-0,04
-0,04
-0,035
-0,035
-0,03
-0,025
-0,025
-0,02
-0,015
-0,015
-0,01
-0,01
-0,01
-0,01
-0,01
-0,01
-0,01
-0,015
-0,02
-0,02
-0,02
-0,025
-0,03
-0,03
-0,035
-0,035
-0,04
-0,045
-0,045
-0,05
-0,05
-0,05
-0,055
-0,055
-0,055
-0,06
-0,06
-0,06
-0,065
-0,065
-0,065
-0,07
-0,07
-0,07
-0,07
-0,075
-0,075
-0,075
-0,075
-0,075
-0,08
-0,08
-0,08
-0,08
-0,085
-0,085
-0,085
-0,085
-0,085
-0,085
-0,085
-0,085
-0,085
-0,09
-0,09
-0,09
-0,09
-0,095
-0,095
-0,1
-0,1
-0,105
-0,105
-0,105
-0,11
-0,11
-0,11
-0,11
-0,115
-0,115
-0,115
-0,115
-0,12
-0,12
-0,115
-0,115
-0,115
-0,115
-0,115
-0,11
-0,11
-0,11
-0,105
-0,105
-0,105
-0,105
-0,1
-0,1
-0,1
-0,1
-0,1
-0,1
-0,1
-0,1
-0,1
-0,1
-0,1
-0,1
-0,1
-0,1
-0,1
-0,1
-0,1
-0,1
-0,1
-0,1
-0,095
-0,095
-0,095
-0,095
-0,095
-0,09
-0,09
-0,09
-0,09
-0,09
-0,09
-0,09
-0,09
-0,09
-0,09
-0,09
-0,09
-0,09
-0,09
-0,09
-0,09
-0,09
-0,09
-0,09
-0,09
-0,09
-0,09
-0,09
-0,09
-0,09
-0,095
-0,095
-0,095
-0,095
-0,1
-0,1
-0,1
-0,105
-0,105
-0,105
-0,105
-0,105
-0,105
-0,105
-0,105
-0,105
-0,1
-0,1
-0,1
-0,095
-0,095
-0,095
-0,09
-0,09
-0,09
-0,09
-0,085
-0,085
-0,085
-0,085
-0,085
-0,085
-0,085
-0,09
-0,09
-0,09
-0,095
-0,1
-0,1
-0,105
-0,11
-0,115
-0,125
-0,13
-0,14
-0,145
-0,155
-0,165
-0,17
-0,18
-0,185
-0,195
-0,2
-0,21
-0,215
-0,22
-0,22
-0,22
-0,22
-0,215
-0,205
-0,195
-0,18
-0,165
-0,145
-0,12
-0,09
-0,055
-0,02
0,025
0,075
0,13
0,19
0,255
0,325
0,405
0,485
0,57
0,66
0,755
0,85
0,94
1,035
1,125
1,21
1,29
1,365
1,435
1,5
1,56
1,61
1,655
1,69
1,715
1,73
1,735
1,735
1,72
1,705
1,675
1,645
1,61
1,565
1,515
1,46
1,4
1,335
1,26
1,185
1,105
1,02
0,93
0,84
0,75
0,66
0,57
0,48
0,4
0,325
0,255
0,19
0,13
0,08
0,04
0
-0,035
-0,065
-0,09
-0,11
-0,13
-0,145
-0,16
-0,17
-0,18
-0,185
-0,19
-0,195
-0,195
-0,2
-0,2
-0,2
-0,2
-0,195
-0,195
-0,195
-0,19
-0,19
-0,19
-0,185
-0,185
-0,185
-0,18
-0,18
-0,175
-0,17
-0,17
-0,165
-0,16
-0,16
-0,155
-0,155
-0,15
-0,15
-0,15
-0,15
-0,15
-0,15
-0,155
-0,155
-0,16
-0,16
-0,165
-0,17
-0,17
-0,175
-0,18
-0,18
-0,185
-0,185
-0,185
-0,185
-0,18
-0,18
-0,175
-0,17
-0,17
-0,165
-0,16
-0,155
-0,15
-0,145
-0,14
-0,135
-0,13
-0,13
-0,125
-0,12
-0,115
-0,115
-0,11
-0,11
-0,105
-0,105
-0,105
-0,1
-0,1
-0,095
-0,095
-0,09
-0,09
-0,085
-0,085
-0,085
-0,085
-0,08
-0,08
-0,08
-0,08
-0,08
-0,08
-0,08
-0,085
-0,085
-0,085
-0,085
-0,085
-0,085
-0,085
-0,085
-0,085
-0,08
-0,08
-0,08
-0,08
-0,075
-0,075
-0,075
-0,075
-0,075
-0,075
-0,075
-0,07
-0,07
-0,065
-0,065
-0,06
-0,06
-0,055
-0,055
-0,055
-0,055
-0,05
-0,05
-0,05
-0,05
-0,05
-0,05
-0,05
-0,05
-0,05
-0,05
-0,055
-0,055
-0,055
-0,06
-0,065
-0,065
-0,07
-0,075
-0,075
-0,08
-0,085
-0,085
-0,09
-0,09
-0,09
-0,095
-0,095
-0,095
-0,1
-0,1
-0,1
-0,1
-0,1
-0,095
-0,095
-0,095
-0,095
-0,095
-0,095
-0,095
-0,095
-0,095
-0,095
-0,095
-0,095
-0,095
-0,095
-0,1
-0,1
-0,1
-0,1
-0,105
-0,105
-0,105
-0,105
-0,105
-0,105
-0,105
-0,105
-0,105
-0,105
-0,105
-0,1
-0,1
-0,1
-0,1
-0,1
-0,1
-0,1
-0,1
-0,1
-0,095
-0,095
-0,095
-0,09
-0,09
-0,085
-0,085
-0,085
-0,08
-0,08
-0,08
-0,08
-0,08
-0,08
-0,08
-0,08
-0,08
-0,075
-0,075
-0,075
-0,075
-0,075
-0,07
-0,07
-0,07
-0,07
-0,07
-0,07
-0,07
-0,07
-0,07
-0,07
-0,07
-0,065
-0,065
-0,065
-0,065
-0,065
-0,06
-0,06
-0,06
-0,06
-0,06
-0,06
-0,06
-0,06
-0,06
-0,06
-0,06
-0,06
-0,065
-0,065
-0,065
-0,07
-0,07
-0,075
-0,075
-0,075
-0,075
-0,075
-0,075
-0,075
-0,07
-0,07
-0,07
-0,065
-0,065
-0,06
-0,055
-0,05
-0,045
-0,045
-0,04
-0,035
-0,03
-0,025
-0,02
-0,015
-0,01
-0,01
-0,01
-0,01
-0,01
-0,01
-0,01
-0,01
-0,01
-0,01
-0,01
-0,01
-0,01
-0,015
-0,015
-0,015
-0,02
-0,02
-0,02
-0,025
-0,025
-0,03
-0,03
-0,035
-0,035
-0,04
-0,04
-0,045
-0,045
-0,05
-0,05
-0,05
-0,05
-0,05
-0,05
-0,05
-0,05
-0,05
-0,05
-0,05
-0,05
-0,045
-0,045
-0,045
-0,04
-0,04
-0,04
-0,035
-0,035
-0,035
-0,035
-0,03
-0,03
-0,03
-0,03
-0,03
-0,025
-0,025
-0,025
-0,025
-0,025
-0,03
-0,025
-0,025
-0,025
-0,02
-0,02
-0,02
-0,015
-0,015
-0,01
-0,01
-0,005
-0,005
0
0
0
0
0,005
0,005
0,005
0,005
0,005
0,005
0,005
0,005
0,01
0,01
0,01
0,01
0,01
0,015
0,015
0,02
0,02
0,02
0,025
0,025
0,03
0,03
0,03
0,03
0,03
0,03
0,03
0,03
0,03
0,035
0,035
0,035
0,035
0,035
0,035
0,035
0,035
0,035
0,035
0,035
0,04
0,04
0,04
0,04
0,04
0,04
0,04
0,04
0,035
0,035
0,035
0,035
0,035
0,035
0,03
0,03
0,03
0,025
0,025
0,025
0,025
0,025
0,025
0,025
0,025
0,025
0,025
0,025
0,025
0,025
0,025
0,025
0,025
0,02
0,02
0,02
0,02
0,02
0,02
0,02
0,02
0,02
0,02
0,02
0,02
0,02
0,02
0,02
0,02
0,015
0,015
0,015
0,015
0,015
0,015
0,015
0,015
0,02
0,02
0,02
0,02
0,02
0,02
0,025
0,025
0,03
0,03
0,035
0,035
0,04
0,04
0,04
0,04
0,04
0,04
0,035
0,03
0,03
0,025
0,025
0,02
0,02
0,015
0,015
0,01
0,01
0,01
0,005
0,005
0,005
0
0
0
-0,005
-0,005
-0,005
-0,01
-0,01
-0,01
-0,01
-0,015
-0,01
-0,01
-0,01
-0,01
-0,01
-0,01
-0,01
-0,01
-0,01
-0,01
-0,01
-0,01
-0,01
-0,01
-0,01
-0,01
-0,01
-0,01
-0,015
-0,015
-0,015
-0,015
-0,02
-0,02
-0,02
-0,025
-0,025
-0,025
-0,025
-0,025
-0,025
-0,025
-0,025
-0,025
-0,025
-0,025
-0,025
-0,02
-0,02
-0,02
-0,02
-0,015
-0,015
-0,015
-0,02
-0,02
-0,02
-0,02
-0,025
-0,025
-0,03
-0,03
-0,035
-0,035
-0,04
-0,04
-0,045
-0,045
-0,05
-0,05
-0,05
-0,05
-0,05
-0,05
-0,05
-0,045
-0,045
-0,045
-0,045
-0,04
-0,04
-0,035
-0,035
-0,03
-0,03
-0,025
-0,025
-0,025
-0,025
-0,025
-0,025
-0,03
-0,03
-0,03
-0,035
-0,035
-0,035
-0,035
-0,035
-0,035
-0,035
-0,035
-0,035
-0,035
-0,035
-0,035
-0,035
-0,035
-0,04
-0,04
-0,04
-0,04
-0,04
-0,045
-0,045
-0,045
-0,045
-0,045
-0,04
-0,04
-0,04
-0,04
-0,04
-0,04
-0,04
-0,04
-0,04
-0,04
-0,04
-0,04
-0,04
-0,045
-0,045
-0,045
-0,04
-0,04
-0,04
-0,04
-0,035
-0,035
-0,03
-0,03
-0,03
-0,03
-0,03
-0,025
-0,025
-0,03
-0,03
-0,03
-0,03
-0,03
-0,035
-0,035
-0,035
-0,04
-0,04
-0,04
-0,045
-0,045
-0,045
-0,045
-0,045
-0,045
-0,045
-0,045
-0,045
-0,045
-0,045
-0,045
-0,045
-0,04
-0,04
-0,04
-0,04
-0,04
-0,04
-0,04
-0,035
-0,035
-0,035
-0,03
-0,03
-0,03
-0,03
-0,025
-0,025
-0,025
-0,025
-0,025
-0,02
-0,02
-0,02
-0,015
-0,015
-0,01
-0,01
-0,005
-0,005
0
0
0
0
0
0
0
0
0
0
0
-0,005
-0,005
-0,005
-0,005
-0,005
-0,005
-0,01
-0,01
-0,01
-0,015
-0,015
-0,02
-0,02
-0,025
-0,025
-0,03
-0,035
-0,035
-0,04
-0,045
-0,045
-0,05
-0,055
-0,055
-0,06
-0,06
-0,065
-0,065
-0,07
-0,07
-0,07
-0,075
-0,075
-0,075
-0,075
-0,075
-0,075
-0,075
-0,075
-0,075
-0,075
-0,08
-0,08
-0,08
-0,08
-0,08
-0,085
-0,085
-0,085
-0,085
-0,09
-0,09
-0,09
-0,09
-0,09
-0,095
-0,095
-0,095
-0,095
-0,09
-0,09
-0,09
-0,09
-0,09
-0,085
-0,085
-0,085
-0,085
-0,085
-0,08
-0,08
-0,08
-0,08
-0,08
-0,08
-0,08
-0,08
-0,08
-0,08
-0,08
-0,08
-0,085
-0,085
-0,085
-0,085
-0,085
-0,085
-0,085
-0,09
-0,09
-0,09
-0,09
-0,09
-0,09
-0,09
-0,09
-0,085
-0,085
-0,085
-0,085
-0,08
-0,08
-0,08
-0,08
-0,08
-0,08
-0,08
-0,08
-0,08
-0,08
-0,08
-0,08
-0,08
-0,08
-0,08
-0,08
-0,08
-0,085
-0,085
-0,085
-0,085
-0,085
-0,085
-0,085
-0,085
-0,09
-0,09
-0,09
-0,09
-0,09
-0,09
-0,09
-0,095
-0,095
-0,095
-0,095
-0,095
-0,09
-0,09
-0,09
-0,085
-0,085
-0,08
-0,08
-0,075
-0,075
-0,07
-0,07
-0,065
-0,065
-0,06
-0,06
-0,06
-0,06
-0,06
-0,06
-0,06
-0,065
-0,065
-0,07
-0,075
-0,08
-0,085
-0,095
-0,1
-0,11
-0,12
-0,13
-0,135
-0,145
-0,15
-0,16
-0,165
-0,17
-0,175
-0,18
-0,185
-0,185
-0,185
-0,185
-0,185
-0,18
-0,17
-0,165
-0,15
-0,14
-0,12
-0,1
-0,075
-0,045
-0,01
0,03
0,075
0,125
0,185
0,245
0,315
0,385
0,46
0,54
0,62
0,705
0,79
0,87
0,955
1,03
1,105
1,175
1,235
1,295
1,35
1,395
1,435
1,47
1,5
1,52
1,53
1,54
1,535
1,53
1,515
1,49
1,465
1,435
1,395
1,355
1,31
1,26
1,2
1,14
1,075
1,005
0,935
0,86
0,785
0,705
0,625
0,55
0,47
0,4
0,33
0,265
0,205
0,155
0,11
0,065
0,035
0
-0,02
-0,045
-0,06
-0,075
-0,09
-0,1
-0,105
-0,11
-0,12
-0,12
-0,125
-0,13
-0,13
-0,13
-0,13
-0,13
-0,125
-0,125
-0,12
-0,11
-0,105
-0,1
-0,095
-0,09
-0,085
-0,085
-0,08
-0,08
-0,075
-0,075
-0,07
-0,07
-0,065
-0,065
-0,065
-0,065
-0,065
-0,065
-0,07
-0,075
-0,08
-0,085
-0,09
-0,095
-0,105
-0,11
-0,115
-0,12
-0,125
-0,13
-0,135
-0,14
-0,14
-0,145
-0,145
-0,15
-0,15
-0,15
-0,15
-0,15
-0,15
-0,15
-0,15
-0,145
-0,145
-0,145
-0,14
-0,14
-0,135
-0,135
-0,13
-0,125
-0,125
-0,12
-0,115
-0,115
-0,11
-0,105
-0,105
-0,1
-0,095
-0,095
-0,09
-0,09
-0,085
-0,085
-0,085
-0,08
-0,08
-0,08
-0,075
-0,075
-0,075
-0,08
-0,08
-0,08
-0,08
-0,085
-0,085
-0,085
-0,085
-0,09
-0,09
-0,09
-0,09
-0,09
-0,09
-0,09
-0,09
-0,085
-0,085
-0,085
-0,085
-0,085
-0,085
-0,085
-0,085
-0,085
-0,085
-0,085
-0,085
-0,08
-0,08
-0,08
-0,08
-0,08
-0,08
-0,08
-0,08
-0,08
-0,08
-0,08
-0,08
-0,085
-0,085
-0,085
-0,09
-0,09
-0,095
-0,095
-0,095
-0,095
-0,1
-0,1
-0,1
-0,1
-0,1
-0,1
-0,1
-0,1
-0,1
-0,1
-0,1
-0,1
-0,1
-0,1
-0,1
-0,1
-0,1
-0,105
-0,105
-0,105
-0,105
-0,11
-0,11
-0,11
-0,115
-0,115
-0,12
-0,12
-0,125
-0,13
-0,135
-0,135
-0,14
-0,14
-0,14
-0,14
-0,14
-0,14
-0,14
-0,14
-0,14
-0,14
-0,14
-0,14
-0,14
-0,14
-0,14
-0,14
-0,14
-0,14
-0,14
-0,14
-0,14
-0,14
-0,14
-0,14
-0,14
-0,14
-0,14
-0,135
-0,135
-0,13
-0,13
-0,13
-0,125
-0,125
-0,125
-0,12
-0,12
-0,12
-0,12
-0,115
-0,115
-0,115
-0,11
-0,11
-0,11
-0,11
-0,11
-0,11
-0,11
-0,11
-0,11
-0,11
-0,11
-0,11
-0,11
-0,11
-0,11
-0,11
-0,11
-0,11
-0,11
-0,11
-0,11
-0,11
-0,105
-0,105
-0,105
-0,105
-0,11
-0,11
-0,11
-0,11
-0,11
-0,11
-0,11
-0,105
-0,105
-0,105
-0,1
-0,1
-0,1
-0,095
-0,095
-0,095
-0,095
-0,09
-0,09
-0,09
-0,085
-0,08
-0,075
-0,075
-0,07
-0,065
-0,06
-0,055
-0,05
-0,045
-0,045
-0,04
-0,04
-0,035
-0,035
-0,035
-0,04
-0,04
-0,04
-0,04
-0,045
-0,045
-0,045
-0,05
-0,05
-0,055
-0,055
-0,06
-0,06
-0,06
-0,06
-0,06
-0,06
-0,06
-0,06
-0,06
-0,06
-0,06
-0,06
-0,06
-0,06
-0,06
-0,06
-0,06
-0,06
-0,055
-0,055
-0,055
-0,055
-0,055
-0,055
-0,06
-0,06
-0,065
-0,065
-0,07
-0,07
-0,075
-0,075
-0,075
-0,075
-0,075
-0,075
-0,075
-0,07
-0,065
-0,065
-0,06
-0,06
-0,055
-0,055
-0,055
-0,05
-0,05
-0,045
-0,045
-0,045
-0,04
-0,04
-0,04
-0,04
-0,035
-0,035
-0,035
-0,035
-0,03
-0,03
-0,03
-0,025
-0,02
-0,02
-0,015
-0,015
-0,01
-0,01
-0,005
-0,005
0
0
0
0,005
0,005
0,005
0,005
0,005
0,005
0,01
0,01
0,01
0,01
0,015
0,015
0,015
0,015
0,015
0,02
0,02
0,02
0,02
0,02
0,02
0,02
0,02
0,02
0,02
0,015
0,015
0,015
0,015
0,015
0,015
0,015
0,01
0,01
0,01
0,01
0,015
0,015
0,015
0,015
0,015
0,015
0,015
0,015
0,015
0,02
0,02
0,02
0,02
0,025
0,025
0,025
0,025
0,025
0,03
0,03
0,03
0,03
0,03
0,035
0,035
0,035
0,035
0,035
0,035
0,035
0,035
0,035
0,035
0,035
0,03
0,03
0,03
0,03
0,03
0,03
0,03
0,03
0,03
0,03
0,03
0,03
0,03
0,025
0,025
0,025
0,025
0,02
0,02
0,02
0,02
0,02
0,02
0,02
0,02
0,02
0,02
0,02
0,02
0,02
0,02
0,02
0,02
0,02
0,02
0,02
0,02
0,02
0,02
0,015
0,015
0,015
0,015
0,015
0,015
0,015
0,015
0,015
0,015
0,015
0,015
0,015
0,015
0,015
0,015
0,015
0,015
0,015
0,015
0,015
0,015
0,015
0,015
0,015
0,015
0,01
0,01
0,01
0,01
0,005
0,005
0,005
0,005
0,005
0,005
0
0
0
0
0
0
0
0
0
0
0
0
0
0
0
0
0
0
0
0
0
0
0
-0,005
-0,005
-0,005
-0,005
-0,01
-0,01
-0,01
-0,015
-0,015
-0,015
-0,02
-0,02
-0,02
-0,02
-0,02
-0,025
-0,02
-0,02
-0,02
-0,02
-0,02
-0,025
-0,025
-0,025
-0,025
-0,03
-0,03
-0,03
-0,035
-0,035
-0,035
-0,035
-0,035
-0,04
-0,035
-0,035
-0,035
-0,035
-0,035
-0,035
-0,035
-0,03
-0,03
-0,03
-0,025
-0,025
-0,025
-0,025
-0,02
-0,02
-0,02
-0,02
-0,02
-0,02
-0,02
-0,02
-0,02
-0,02
-0,02
-0,02
-0,02
-0,025
-0,025
-0,025
-0,025
-0,03
-0,03
-0,03
-0,035
-0,035
-0,04
-0,04
-0,04
-0,045
-0,045
-0,045
-0,045
-0,045
-0,045
-0,045
-0,045
-0,04
-0,04
-0,04
-0,04
-0,04
-0,04
-0,04
-0,04
-0,04
-0,04
-0,04
-0,04
-0,04
-0,04
-0,045
-0,045
-0,045
-0,045
-0,045
-0,045
-0,045
-0,045
-0,045
-0,045
-0,045
-0,04
-0,04
-0,04
-0,04
-0,035
-0,035
-0,035
-0,035
-0,035
-0,035
-0,035
-0,035
-0,035
-0,04
-0,04
-0,045
-0,045
-0,045
-0,045
-0,045
-0,045
-0,045
-0,045
-0,045
-0,045
-0,045
-0,045
-0,045
-0,045
-0,045
-0,045
-0,045
-0,045
-0,045
-0,045
-0,045
-0,045
-0,045
-0,045
-0,045
-0,04
-0,04
-0,04
-0,035
-0,035
-0,03
-0,03
-0,03
-0,03
-0,025
-0,025
-0,025
-0,025
-0,02
-0,02
-0,02
-0,02
-0,015
-0,015
-0,015
-0,015
-0,02
-0,02
-0,02
-0,02
-0,02
-0,025
-0,025
-0,03
-0,03
-0,03
-0,035
-0,035
-0,04
-0,04
-0,045
-0,045
-0,045
-0,05
-0,05
-0,055
-0,055
-0,06
-0,06
-0,065
-0,065
-0,07
-0,07
-0,075
-0,075
-0,075
-0,08
-0,08
-0,08
-0,085
-0,085
-0,085
-0,085
-0,085
-0,09
-0,09
-0,09
-0,09
-0,09
-0,09
-0,09
-0,09
-0,09
-0,09
-0,09
-0,09
-0,09
-0,09
-0,095
-0,095
-0,095
-0,1
-0,1
-0,105
-0,105
-0,105
-0,11
-0,11
-0,11
-0,11
-0,11
-0,11
-0,105
-0,105
-0,105
-0,1
-0,1
-0,095
-0,095
-0,095
-0,09
-0,09
-0,085
-0,085
-0,085
-0,08
-0,08
-0,08
-0,075
-0,075
-0,075
-0,075
-0,075
-0,075
-0,075
-0,075
-0,075
-0,075
-0,075
-0,075
-0,08
-0,08
-0,08
-0,08
-0,08
-0,08
-0,085
-0,085
-0,085
-0,085
-0,085
-0,085
-0,09
-0,09
-0,09
-0,09
-0,09
-0,09
-0,09
-0,09
-0,09
-0,085
-0,085
-0,085
-0,085
-0,085
-0,08
-0,08
-0,08
-0,08
-0,08
-0,08
-0,08
-0,08
-0,08
-0,075
-0,075
-0,075
-0,075
-0,075
-0,075
-0,075
-0,075
-0,075
-0,075
-0,075
-0,075
-0,08
-0,08
-0,08
-0,08
-0,08
-0,08
-0,08
-0,08
-0,08
-0,08
-0,08
-0,085
-0,085
-0,085
-0,085
-0,085
-0,085
-0,09
-0,09
-0,09
-0,095
-0,095
-0,1
-0,105
-0,11
-0,115
-0,12
-0,125
-0,13
-0,135
-0,145
-0,15
-0,155
-0,165
-0,17
-0,175
-0,18
-0,185
-0,185
-0,185
-0,185
-0,18
-0,175
-0,165
-0,155
-0,14
-0,12
-0,095
-0,07
-0,04
-0,005
0,035
0,08
0,13
0,185
0,25
0,315
0,385
0,465
0,545
0,63
0,72
0,81
0,9
0,985
1,07
1,155
1,235
1,31
1,38
1,445
1,505
1,56
1,605
1,645
1,675
1,695
1,71
1,71
1,705
1,69
1,67
1,64
1,605
1,565
1,515
1,465
1,405
1,34
1,265
1,19
1,11
1,02
0,935
0,84
0,75
0,655
0,56
0,47
0,385
0,305
0,23
0,165
0,105
0,055
0,01
-0,03
-0,06
-0,085
-0,11
-0,13
-0,145
-0,155
-0,165
-0,17
-0,175
-0,175
-0,175
-0,175
-0,175
-0,175
-0,17
-0,17
-0,165
-0,16
-0,155
-0,15
-0,15
-0,145
-0,14
-0,14
-0,135
-0,135
-0,13
-0,13
-0,125
-0,125
-0,125
-0,125
-0,12
-0,12
-0,125
-0,125
-0,125
-0,13
-0,13
-0,13
-0,135
-0,14
-0,14
-0,145
-0,15
-0,155
-0,155
-0,16
-0,16
-0,165
-0,165
-0,165
-0,165
-0,165
-0,165
-0,165
-0,165
-0,16
-0,16
-0,16
-0,155
-0,15
-0,145
-0,14
-0,14
-0,135
-0,13
-0,125
-0,12
-0,115
-0,11
-0,11
-0,105
-0,1
-0,095
-0,095
-0,09
-0,09
-0,085
-0,085
-0,085
-0,08
-0,08
-0,08
-0,08
-0,08
-0,08
-0,08
-0,08
-0,075
-0,075
-0,075
-0,075
-0,075
-0,075
-0,075
-0,075
-0,075
-0,075
-0,075
-0,075
-0,075
-0,075
-0,075
-0,075
-0,07
-0,07
-0,07
-0,07
-0,075
-0,075
-0,075
-0,075
-0,075
-0,075
-0,075
-0,07
-0,07
-0,07
-0,07
-0,07
-0,065
-0,065
-0,06
-0,06
-0,055
-0,055
-0,055
-0,055
-0,055
-0,055
-0,055
-0,055
-0,055
-0,055
-0,055
-0,055
-0,055
-0,06
-0,06
-0,06
-0,065
-0,065
-0,07
-0,07
-0,075
-0,075
-0,08
-0,08
-0,08
-0,085
-0,085
-0,085
-0,085
-0,085
-0,09
-0,09
-0,09
-0,09
-0,085
-0,085
-0,085
-0,085
-0,085
-0,085
-0,085
-0,085
-0,085
-0,085
-0,085
-0,085
-0,085
-0,085
-0,085
-0,085
-0,085
-0,085
-0,09
-0,09
-0,085
-0,085
-0,085
-0,085
-0,085
-0,085
-0,08
-0,08
-0,08
-0,08
-0,08
-0,075
-0,075
-0,07
-0,07
-0,065
-0,065
-0,065
-0,06
-0,06
-0,06
-0,06
-0,06
-0,06
-0,055
-0,055
-0,055
-0,055
-0,055
-0,055
-0,055
-0,055
-0,055
-0,055
-0,05
-0,05
-0,05
-0,045
-0,045
-0,04
-0,04
-0,04
-0,035
-0,035
-0,03
-0,03
-0,03
-0,025
-0,025
-0,02
-0,02
-0,02
-0,02
-0,02
-0,02
-0,02
-0,02
-0,02
-0,02
-0,025
-0,025
-0,03
-0,03
-0,035
-0,035
-0,04
-0,04
-0,045
-0,045
-0,045
-0,045
-0,05
-0,05
-0,05
-0,05
-0,05
-0,05
-0,045
-0,045
-0,045
-0,045
-0,04
-0,04
-0,035
-0,035
-0,03
-0,03
-0,025
-0,02
-0,02
-0,015
-0,01
-0,01
-0,005
0
0
0,005
0,01
0,01
0,015
0,02
0,025
0,025
0,03
0,03
0,03
0,03
0,03
0,03
0,03
0,03
0,03
0,025
0,025
0,025
0,025
0,025
0,025
0,02
0,02
0,02
0,02
0,015
0,015
0,01
0,01
0,01
0,005
0,005
0
0
0
-0,005
-0,005
-0,01
-0,015
-0,015
-0,02
-0,02
-0,025
-0,025
-0,03
-0,03
-0,03
-0,03
-0,035
-0,035
-0,035
-0,035
-0,035
-0,035
-0,035
-0,03
-0,03
-0,03
-0,025
-0,025
-0,02
-0,02
-0,02
-0,015
-0,015
-0,015
-0,01
-0,01
-0,01
-0,01
-0,01
-0,01
-0,01
-0,01
-0,01
-0,005
-0,005
-0,005
-0,005
0
0
0
0
0
0
0
0
0
0,005
0,005
0,005
0,005
0,005
0,005
0,005
0,005
0,01
0,01
0,015
0,015
0,015
0,02
0,02
0,02
0,02
0,02
0,02
0,02
0,02
0,02
0,02
0,02
0,02
0,02
0,02
0,02
0,02
0,02
0,02
0,02
0,02
0,02
0,02
0,015
0,015
0,015
0,015
0,015
0,015
0,015
0,015
0,015
0,015
0,015
0,015
0,015
0,015
0,015
0,015
0,01
0,01
0,01
0,01
0,005
0,005
0,01
0,01
0,01
0,01
0,015
0,015
0,015
0,015
0,015
0,015
0,015
0,015
0,01
0,01
0,01
0,01
0,01
0,01
0,005
0,005
0,005
0,005
0,005
0,005
0,005
0,005
0,005
0,005
0,005
0,005
0,005
0,005
0,005
0,01
0,01
0,01
0,01
0,01
0,005
0,005
0,005
0,005
0
0
0
0
0
0
0
0
0
0
0
0
-0,005
-0,005
-0,005
-0,005
-0,005
-0,005
-0,005
-0,005
-0,005
-0,005
-0,005
-0,005
-0,005
-0,005
-0,005
-0,005
-0,005
-0,005
-0,005
-0,005
-0,01
-0,01
-0,01
-0,01
-0,01
-0,005
-0,005
-0,005
-0,005
-0,005
-0,005
-0,005
-0,005
-0,005
-0,005
-0,005
-0,005
-0,005
-0,005
-0,005
-0,01
-0,01
-0,01
-0,01
-0,015
-0,015
-0,015
-0,015
-0,015
-0,02
-0,02
-0,02
-0,02
-0,02
-0,02
-0,02
-0,025
-0,025
-0,025
-0,03
-0,03
-0,03
-0,035
-0,035
-0,035
-0,035
-0,04
-0,04
-0,04
-0,04
-0,04
-0,04
-0,04
-0,04
-0,04
-0,04
-0,04
-0,04
-0,04
-0,04
-0,035
-0,035
-0,035
-0,035
-0,035
-0,04
-0,04
-0,04
-0,04
-0,045
-0,045
-0,045
-0,045
-0,05
-0,05
-0,05
-0,05
-0,055
-0,055
-0,055
-0,055
-0,055
-0,055
-0,05
-0,05
-0,05
-0,05
-0,05
-0,045
-0,045
-0,045
-0,045
-0,045
-0,04
-0,04
-0,04
-0,04
-0,04
-0,04
-0,035
-0,035
-0,035
-0,035
-0,035
-0,035
-0,035
-0,035
-0,035
-0,04
-0,04
-0,04
-0,04
-0,04
-0,04
-0,04
-0,04
-0,04
-0,04
-0,04
-0,04
-0,04
-0,04
-0,04
-0,04
-0,04
-0,04
-0,04
-0,04
-0,04
-0,04
-0,04
-0,04
-0,045
-0,045
-0,045
-0,045
-0,045
-0,045
-0,045
-0,045
-0,045
-0,045
-0,045
-0,04
-0,04
-0,04
-0,04
-0,045
-0,045
-0,045
-0,045
-0,045
-0,05
-0,05
-0,05
-0,05
-0,05
-0,05
-0,05
-0,05
-0,045
-0,045
-0,045
-0,045
-0,045
-0,045
-0,045
-0,045
-0,045
-0,045
-0,045
-0,045
-0,045
-0,045
-0,04
-0,04
-0,045
-0,045
-0,045
-0,045
-0,045
-0,045
-0,045
-0,04
-0,04
-0,04
-0,04
-0,04
-0,04
-0,04
-0,04
-0,04
-0,04
-0,04
-0,04
-0,04
-0,04
-0,04
-0,04
-0,035
-0,035
-0,035
-0,035
-0,035
-0,035
-0,035
-0,03
-0,03
-0,03
-0,03
-0,025
-0,025
-0,02
-0,02
-0,02
-0,02
-0,02
-0,02
-0,015
-0,015
-0,015
-0,02
-0,02
-0,02
-0,02
-0,025
-0,025
-0,03
-0,03
-0,035
-0,035
-0,04
-0,04
-0,045
-0,045
-0,05
-0,055
-0,055
-0,06
-0,065
-0,065
-0,065
-0,07
-0,07
-0,075
-0,075
-0,075
-0,08
-0,08
-0,085
-0,085
-0,09
-0,09
-0,095
-0,095
-0,095
-0,1
-0,1
-0,105
-0,105
-0,105
-0,105
-0,11
-0,11
-0,11
-0,11
-0,11
-0,11
-0,11
-0,11
-0,11
-0,11
-0,11
-0,11
-0,11
-0,11
-0,11
-0,105
-0,105
-0,105
-0,105
-0,105
-0,105
-0,105
-0,11
-0,11
-0,11
-0,11
-0,11
-0,11
-0,11
-0,11
-0,11
-0,11
-0,105
-0,105
-0,105
-0,105
-0,105
-0,1
-0,1
-0,1
-0,1
-0,095
-0,095
-0,095
-0,095
-0,095
-0,095
-0,095
-0,095
-0,095
-0,095
-0,095
-0,095
-0,095
-0,095
-0,095
-0,095
-0,09
-0,09
-0,09
-0,09
-0,09
-0,085
-0,085
-0,085
-0,085
-0,08
-0,08
-0,08
-0,08
-0,08
-0,075
-0,075
-0,075
-0,075
-0,075
-0,075
-0,075
-0,08
-0,08
-0,08
-0,08
-0,075
-0,075
-0,075
-0,075
-0,075
-0,075
-0,075
-0,075
-0,075
-0,075
-0,075
-0,075
-0,075
-0,075
-0,075
-0,08
-0,08
-0,08
-0,08
-0,085
-0,085
-0,085
-0,085
-0,085
-0,09
-0,09
-0,09
-0,09
-0,09
-0,09
-0,09
-0,09
-0,09
-0,09
-0,09
-0,095
-0,095
-0,1
-0,105
-0,115
-0,12
-0,13
-0,14
-0,15
-0,155
-0,165
-0,175
-0,185
-0,19
-0,2
-0,205
-0,21
-0,215
-0,215
-0,215
-0,215
-0,21
-0,205
-0,195
-0,18
-0,165
-0,145
-0,125
-0,095
-0,065
-0,03
0,01
0,055
0,11
0,165
0,23
0,295
0,37
0,45
0,535
0,625
0,715
0,81
0,9
0,995
1,085
1,17
1,25
1,33
1,4
1,47
1,535
1,59
1,64
1,68
1,71
1,73
1,745
1,745
1,735
1,72
1,695
1,665
1,63
1,585
1,54
1,485
1,42
1,355
1,28
1,2
1,12
1,03
0,94
0,845
0,75
0,66
0,565
0,475
0,395
0,315
0,24
0,175
0,115
0,065
0,015
-0,02
-0,06
-0,09
-0,11
-0,135
-0,15
-0,165
-0,175
-0,185
-0,19
-0,195
-0,2
-0,2
-0,2
-0,2
-0,205
-0,205
-0,2
-0,2
-0,2
-0,2
-0,195
-0,195
-0,195
-0,195
-0,19
-0,19
-0,19
-0,19
-0,185
-0,185
-0,185
-0,18
-0,18
-0,175
-0,175
-0,175
-0,175
-0,175
-0,175
-0,175
-0,18
-0,18
-0,18
-0,185
-0,185
-0,19
-0,19
-0,19
-0,195
-0,195
-0,195
-0,195
-0,19
-0,19
-0,19
-0,19
-0,185
-0,185
-0,18
-0,175
-0,17
-0,165
-0,16
-0,16
-0,155
-0,15
-0,15
-0,145
-0,14
-0,14
-0,135
-0,135
-0,135
-0,13
-0,13
-0,13
-0,13
-0,125
-0,125
-0,12
-0,12
-0,115
-0,115
-0,11
-0,105
-0,105
-0,1
-0,1
-0,095
-0,09
-0,09
-0,085
-0,08
-0,08
-0,075
-0,075
-0,075
-0,075
-0,075
-0,075
-0,075
-0,075
-0,075
-0,075
-0,075
-0,075
-0,075
-0,07
-0,07
-0,07
-0,07
-0,07
-0,07
-0,07
-0,07
-0,07
-0,075
-0,075
-0,075
-0,08
-0,08
-0,08
-0,08
-0,08
-0,085
-0,085
-0,085
-0,085
-0,08
-0,08
-0,08
-0,08
-0,08
-0,08
-0,08
-0,075
-0,075
-0,075
-0,075
-0,075
-0,075
-0,075
-0,075
-0,08
-0,08
-0,08
-0,08
-0,085
-0,085
-0,085
-0,085
-0,085
-0,085
-0,09
-0,09
-0,09
-0,09
-0,095
-0,095
-0,095
-0,095
-0,1
-0,1
-0,1
-0,1
-0,105
-0,105
-0,105
-0,105
-0,105
-0,105
-0,11
-0,11
-0,11
-0,11
-0,105
-0,105
-0,105
-0,105
-0,1
-0,1
-0,1
-0,095
-0,095
-0,095
-0,09
-0,09
-0,09
-0,085
-0,085
-0,085
-0,08
-0,08
-0,075
-0,075
-0,07
-0,07
-0,065
-0,065
-0,06
-0,06
-0,055
-0,055
-0,05
-0,05
-0,045
-0,045
-0,045
-0,04
-0,04
-0,04
-0,035
-0,035
-0,035
-0,03
-0,03
-0,03
-0,03
-0,025
-0,025
-0,025
-0,025
-0,02
-0,02
-0,02
-0,02
-0,015
-0,015
-0,02
-0,02
-0,02
-0,02
-0,02
-0,02
-0,025
-0,025
-0,025
-0,02
-0,02
-0,025
-0,025
-0,025
-0,03
-0,03
-0,03
-0,035
-0,035
-0,04
-0,04
-0,04
-0,045
-0,045
-0,045
-0,045
-0,05
-0,05
-0,05
-0,045
-0,045
-0,045
-0,045
-0,04
-0,04
-0,04
-0,04
-0,035
-0,035
-0,035
-0,035
-0,03
-0,03
-0,03
-0,025
-0,025
-0,025
-0,02
-0,02
-0,02
-0,015
-0,015
-0,015
-0,01
-0,01
-0,01
-0,01
-0,005
-0,005
-0,005
-0,005
-0,005
-0,005
-0,005
-0,005
-0,005
-0,005
-0,005
-0,005
-0,01
-0,01
-0,01
-0,01
-0,01
-0,01
-0,01
-0,01
-0,01
-0,015
-0,015
-0,015
-0,015
-0,015
-0,02
-0,02
-0,025
-0,025
-0,025
-0,03
-0,03
-0,03
-0,03
-0,03
-0,03
-0,03
-0,03
-0,03
-0,03
-0,03
-0,03
-0,03
-0,03
-0,025
-0,025
-0,025
-0,025
-0,02
-0,02
-0,02
-0,02
-0,02
-0,02
-0,02
-0,015
-0,015
-0,015
-0,015
-0,015
-0,015
-0,015
-0,015
-0,015
-0,015
-0,01
-0,01
-0,01
-0,005
-0,005
-0,005
0
0
0
0
0
0
0,005
0,005
0,01
0,01
0,015
0,015
0,015
0,02
0,02
0,02
0,02
0,02
0,02
0,02
0,02
0,02
0,02
0,02
0,02
0,015
0,015
0,01
0,01
0,01
0,01
0,005
0,005
0
0
0
0
0
0
0
0
0
0
0,005
0,005
0,005
0,005
0,005
0,01
0,01
0,01
0,01
0,01
0,01
0,01
0,01
0,01
0,01
0,01
0,01
0,005
0,005
0,005
0,005
0,005
0,005
0,005
0,005
0,01
0,01
0,01
0,01
0,01
0,01
0,01
0,01
0,01
0,005
0,005
0,005
0
0
0
0
-0,005
-0,005
-0,005
-0,005
-0,01
-0,01
-0,01
-0,01
-0,01
-0,01
-0,01
-0,01
-0,005
-0,005
-0,005
-0,005
-0,005
-0,005
-0,005
-0,005
-0,01
-0,01
-0,01
-0,01
-0,01
-0,01
-0,01
-0,015
-0,015
-0,015
-0,015
-0,015
-0,015
-0,015
-0,015
-0,015
-0,015
-0,015
-0,015
-0,015
-0,015
-0,015
-0,02
-0,02
-0,02
-0,02
-0,02
-0,025
-0,025
-0,025
-0,025
-0,025
-0,025
-0,025
-0,025
-0,025
-0,03
-0,03
-0,03
-0,03
-0,03
-0,03
-0,03
-0,03
-0,03
-0,03
-0,03
-0,035
-0,035
-0,035
-0,035
-0,035
-0,035
-0,04
-0,04
-0,04
-0,04
-0,04
-0,04
-0,04
-0,04
-0,04
-0,04
-0,04
-0,04
-0,04
-0,04
-0,04
-0,04
-0,04
-0,04
-0,04
-0,04
-0,04
-0,04
-0,04
-0,04
-0,035
-0,035
-0,035
-0,035
-0,04
-0,04
-0,04
-0,04
-0,04
-0,04
-0,04
-0,04
-0,035
-0,035
-0,035
-0,035
-0,04
-0,04
-0,04
-0,045
-0,05
-0,05
-0,055
-0,055
-0,06
-0,06
-0,06
-0,06
-0,06
-0,06
-0,06
-0,06
-0,06
-0,06
-0,06
-0,06
-0,06
-0,06
-0,06
-0,06
-0,06
-0,06
-0,06
-0,06
-0,06
-0,055
-0,055
-0,05
-0,05
-0,045
-0,045
-0,045
-0,04
-0,04
-0,04
-0,035
-0,035
-0,03
-0,03
-0,03
-0,03
-0,035
-0,035
-0,035
-0,04
-0,04
-0,045
-0,045
-0,045
-0,05
-0,05
-0,05
-0,055
-0,055
-0,055
-0,055
-0,055
-0,055
-0,055
-0,055
-0,055
-0,055
-0,055
-0,055
-0,055
-0,055
-0,055
-0,06
-0,06
-0,06
-0,06
-0,06
-0,06
-0,06
-0,06
-0,06
-0,055
-0,055
-0,055
-0,05
-0,05
-0,05
-0,05
-0,045
-0,045
-0,045
-0,045
-0,04
-0,04
-0,04
-0,035
-0,035
-0,035
-0,04
-0,04
-0,04
-0,04
-0,04
-0,04
-0,045
-0,045
-0,045
-0,045
-0,045
-0,045
-0,045
-0,045
-0,045
-0,045
-0,045
-0,045
-0,045
-0,045
-0,045
-0,045
-0,04
-0,04
-0,04
-0,04
-0,035
-0,035
-0,035
-0,03
-0,03
-0,03
-0,025
-0,025
-0,025
-0,02
-0,02
-0,02
-0,015
-0,015
-0,01
-0,01
-0,01
-0,005
-0,005
0
0
0
0
0
0
0
0
0
0
0
0
-0,005
-0,005
-0,01
-0,01
-0,01
-0,015
-0,015
-0,02
-0,02
-0,025
-0,03
-0,03
-0,03
-0,035
-0,035
-0,04
-0,04
-0,04
-0,04
-0,04
-0,045
-0,045
-0,045
-0,045
-0,045
-0,045
-0,045
-0,05
-0,05
-0,05
-0,05
-0,055
-0,055
-0,06
-0,06
-0,065
-0,065
-0,07
-0,07
-0,075
-0,075
-0,08
-0,08
-0,08
-0,085
-0,085
-0,085
-0,085
-0,085
-0,085
-0,085
-0,085
-0,085
-0,085
-0,085
-0,085
-0,085
-0,085
-0,08
-0,08
-0,08
-0,085
-0,085
-0,085
-0,085
-0,085
-0,085
-0,085
-0,085
-0,085
-0,085
-0,08
-0,08
-0,08
-0,075
-0,075
-0,075
-0,075
-0,075
-0,075
-0,075
-0,075
-0,075
-0,075
-0,075
-0,075
-0,075
-0,075
-0,08
-0,08
-0,08
-0,085
-0,085
-0,085
-0,09
-0,09
-0,09
-0,09
-0,09
-0,09
-0,095
-0,095
-0,095
-0,095
-0,095
-0,095
-0,09
-0,09
-0,09
-0,09
-0,09
-0,09
-0,09
-0,09
-0,085
-0,085
-0,085
-0,085
-0,085
-0,085
-0,08
-0,08
-0,075
-0,075
-0,07
-0,065
-0,065
-0,06
-0,055
-0,055
-0,05
-0,05
-0,045
-0,045
-0,045
-0,045
-0,045
-0,05
-0,05
-0,05
-0,055
-0,055
-0,055
-0,055
-0,055
-0,055
-0,06
-0,06
-0,06
-0,06
-0,065
-0,065
-0,065
-0,065
-0,065
-0,065
-0,065
-0,07
-0,07
-0,07
-0,075
-0,075
-0,08
-0,085
-0,09
-0,1
-0,105
-0,11
-0,12
-0,125
-0,135
-0,14
-0,145
-0,15
-0,16
-0,16
-0,165
-0,17
-0,175
-0,175
-0,175
-0,175
-0,17
-0,165
-0,155
-0,145
-0,13
-0,115
-0,095
-0,07
-0,04
-0,01
0,03
0,075
0,125
0,18
0,24
0,305
0,375
0,45
0,535
0,615
0,705
0,79
0,88
0,97
1,05
1,135
1,21
1,285
1,35
1,415
1,47
1,52
1,565
1,6
1,625
1,645
1,655
1,65
1,64
1,625
1,6
1,57
1,535
1,5
1,455
1,405
1,35
1,29
1,225
1,16
1,09
1,015
0,935
0,86
0,775
0,695
0,61
0,53
0,455
0,38
0,315
0,255
0,2
0,15
0,105
0,07
0,035
0,005
-0,015
-0,035
-0,05
-0,065
-0,075
-0,085
-0,09
-0,095
-0,1
-0,105
-0,105
-0,11
-0,11
-0,11
-0,11
-0,11
-0,11
-0,105
-0,1
-0,1
-0,095
-0,095
-0,095
-0,09
-0,09
-0,09
-0,09
-0,085
-0,085
-0,085
-0,08
-0,08
-0,08
-0,075
-0,075
-0,075
-0,08
-0,08
-0,08
-0,085
-0,09
-0,095
-0,1
-0,105
-0,11
-0,11
-0,115
-0,12
-0,125
-0,13
-0,13
-0,13
-0,135
-0,135
-0,135
-0,135
-0,135
-0,135
-0,13
-0,13
-0,13
-0,125
-0,12
-0,12
-0,115
-0,11
-0,105
-0,105
-0,1
-0,095
-0,095
-0,09
-0,09
-0,085
-0,085
-0,08
-0,08
-0,08
-0,075
-0,075
-0,075
-0,07
-0,07
-0,065
-0,065
-0,06
-0,06
-0,055
-0,055
-0,05
-0,05
-0,05
-0,05
-0,05
-0,055
-0,055
-0,055
-0,06
-0,06
-0,06
-0,065
-0,065
-0,065
-0,065
-0,065
-0,065
-0,07
-0,07
-0,07
-0,065
-0,065
-0,065
-0,065
-0,065
-0,065
-0,065
-0,065
-0,065
-0,065
-0,06
-0,06
-0,06
-0,055
-0,055
-0,055
-0,055
-0,055
-0,055
-0,055
-0,055
-0,055
-0,06
-0,06
-0,06
-0,06
-0,065
-0,065
-0,065
-0,065
-0,07
-0,07
-0,07
-0,07
-0,075
-0,075
-0,075
-0,075
-0,08
-0,08
-0,085
-0,085
-0,085
-0,09
-0,09
-0,095
-0,095
-0,1
-0,1
-0,1
-0,105
-0,105
-0,11
-0,11
-0,115
-0,115
-0,115
-0,12
-0,12
-0,12
-0,12
-0,12
-0,12
-0,12
-0,12
-0,12
-0,12
-0,125
-0,125
-0,125
-0,125
-0,13
-0,13
-0,13
-0,125
-0,125
-0,125
-0,125
-0,125
-0,13
-0,13
-0,13
-0,13
-0,13
-0,135
-0,135
-0,135
-0,135
-0,135
-0,135
-0,135
-0,135
-0,135
-0,135
-0,135
-0,135
-0,135
-0,135
-0,13
-0,13
-0,125
-0,125
-0,12
-0,12
-0,115
-0,115
-0,115
-0,11
-0,11
-0,11
-0,11
-0,11
-0,11
-0,11
-0,115
-0,115
-0,12
-0,12
-0,125
-0,125
-0,13
-0,135
-0,135
-0,14
-0,14
-0,145
-0,145
-0,15
-0,15
-0,15
-0,155
-0,155
-0,155
-0,155
-0,155
-0,155
-0,155
-0,155
-0,155
-0,155
-0,15
-0,15
-0,15
-0,15
-0,145
-0,145
-0,145
-0,145
-0,145
-0,14
-0,14
-0,14
-0,135
-0,135
-0,13
-0,13
-0,125
-0,125
-0,12
-0,12
-0,115
-0,115
-0,115
-0,11
-0,11
-0,11
-0,11
-0,11
-0,105
-0,105
-0,1
-0,095
-0,095
-0,09
-0,09
-0,085
-0,085
-0,085
-0,085
-0,085
-0,085
-0,09
-0,09
-0,095
-0,095
-0,1
-0,1
-0,1
-0,1
-0,105
-0,105
-0,105
-0,105
-0,105
-0,105
-0,105
-0,105
-0,105
-0,105
-0,105
-0,1
-0,1
-0,1
-0,1
-0,1
-0,1
-0,1
-0,1
-0,1
-0,1
-0,1
-0,1
-0,1
-0,1
-0,1
-0,1
-0,1
-0,1
-0,095
-0,095
-0,095
-0,09
-0,09
-0,085
-0,085
-0,08
-0,075
-0,075
-0,07
-0,065
-0,06
-0,06
-0,055
-0,05
-0,045
-0,045
-0,04
-0,035
-0,03
-0,025
-0,02
-0,015
-0,01
-0,005
0
0
0
0,005
0,005
0,005
0,005
0,005
0,005
0,005
0,01
0,01
0,01
0,015
0,015
0,015
0,02
0,02
0,02
0,02
0,02
0,02
0,02
0,02
0,02
0,02
0,02
0,02
0,015
0,015
0,015
0,01
0,01
0,01
0,01
0,01
0,01
0,01
0,01
0,01
0,01
0,01
0,015
0,015
0,015
0,015
0,015
0,015
0,015
0,015
0,015
0,015
0,02
0,02
0,02
0,025
0,025
0,025
0,03
0,03
0,03
0,03
0,03
0,025
0,025
0,025
0,025
0,025
0,025
0,025
0,025
0,025
0,025
0,025
0,025
0,025
0,025
0,025
0,025
0,025
0,025
0,03
0,03
0,03
0,03
0,03
0,03
0,03
0,03
0,03
0,03
0,025
0,025
0,025
0,025
0,025
0,025
0,02
0,02
0,02
0,02
0,02
0,015
0,015
0,015
0,015
0,015
0,015
0,015
0,01
0,01
0,01
0,015
0,015
0,015
0,015
0,015
0,015
0,015
0,015
0,015
0,01
0,01
0,01
0,01
0,005
0,005
0
0
0
0
0
0
0
0
-0,005
-0,005
-0,005
-0,005
-0,005
-0,005
-0,01
-0,01
-0,01
-0,01
-0,01
-0,015
-0,015
-0,015
-0,02
-0,02
-0,02
-0,02
-0,025
-0,025
-0,025
-0,03
-0,03
-0,025
-0,025
-0,025
-0,025
-0,025
-0,025
-0,025
-0,025
-0,025
-0,025
-0,03
-0,03
-0,03
-0,03
-0,03
-0,03
-0,035
-0,035
-0,035
-0,035
-0,035
-0,04
-0,04
-0,04
-0,04
-0,045
-0,045
-0,045
-0,045
-0,045
-0,045
-0,045
-0,045
-0,045
-0,045
-0,045
-0,045
-0,045
-0,045
-0,045
-0,045
-0,045
-0,04
-0,04
-0,04
-0,04
-0,04
-0,04
-0,04
-0,04
-0,04
-0,04
-0,04
-0,04
-0,04
-0,04
-0,045
-0,045
-0,045
-0,045
-0,045
-0,045
-0,045
-0,05
-0,05
-0,05
-0,05
-0,05
-0,055
-0,055
-0,055
-0,055
-0,05
-0,05
-0,05
-0,05
-0,05
-0,05
-0,05
-0,05
-0,05
-0,05
-0,05
-0,05
-0,05
-0,045
-0,045
-0,045
-0,045
-0,045
-0,045
-0,045
-0,045
-0,045
-0,045
-0,045
-0,05
-0,05
-0,05
-0,05
-0,05
-0,05
-0,05
-0,05
-0,045
-0,045
-0,045
-0,045
-0,045
-0,045
-0,045
-0,045
-0,045
-0,05
-0,05
-0,055
-0,055
-0,055
-0,06
-0,06
-0,06
-0,06
-0,06
-0,06
-0,06
-0,06
-0,055
-0,055
-0,055
-0,055
-0,06
-0,06
-0,06
-0,06
-0,06
-0,06
-0,065
-0,065
-0,065
-0,065
-0,065
-0,06
-0,06
-0,06
-0,055
-0,055
-0,05
-0,05
-0,045
-0,045
-0,04
-0,04
-0,04
-0,035
-0,035
-0,03
-0,03
-0,025
-0,025
-0,025
-0,025
-0,02
-0,02
-0,02
-0,02
-0,02
-0,02
-0,02
-0,02
-0,015
-0,015
-0,015
-0,015
-0,015
-0,015
-0,015
-0,01
-0,01
-0,01
-0,01
-0,01
-0,015
-0,015
-0,02
-0,02
-0,025
-0,025
-0,025
-0,03
-0,03
-0,03
-0,03
-0,03
-0,035
-0,035
-0,035
-0,035
-0,035
-0,035
-0,035
-0,04
-0,04
-0,04
-0,04
-0,045
-0,045
-0,045
-0,05
-0,05
-0,055
-0,055
-0,06
-0,06
-0,065
-0,07
-0,07
-0,075
-0,075
-0,08
-0,08
-0,08
-0,085
-0,085
-0,085
-0,085
-0,085
-0,085
-0,085
-0,085
-0,08
-0,08
-0,08
-0,08
-0,08
-0,08
-0,08
-0,08
-0,08
-0,08
-0,08
-0,08
-0,085
-0,085
-0,085
-0,085
-0,085
-0,085
-0,085
-0,085
-0,085
-0,085
-0,08
-0,08
-0,08
-0,075
-0,075
-0,075
-0,07
-0,07
-0,07
-0,07
-0,07
-0,065
-0,07
-0,07
-0,07
-0,07
-0,075
-0,075
-0,075
-0,08
-0,08
-0,08
-0,085
-0,085
-0,085
-0,085
-0,08
-0,08
-0,08
-0,08
-0,08
-0,08
-0,075
-0,075
-0,075
-0,075
-0,075
-0,075
-0,075
-0,075
-0,075
-0,075
-0,08
-0,08
-0,08
-0,08
-0,08
-0,08
-0,08
-0,08
-0,085
-0,085
-0,085
-0,085
-0,09
-0,09
-0,09
-0,09
-0,085
-0,085
-0,085
-0,08
-0,08
-0,08
-0,075
-0,075
-0,075
-0,075
-0,07
-0,07
-0,07
-0,07
-0,065
-0,065
-0,065
-0,06
-0,06
-0,06
-0,06
-0,06
-0,055
-0,055
-0,055
-0,055
-0,055
-0,055
-0,055
-0,055
-0,055
-0,055
-0,055
-0,06
-0,065
-0,065
-0,075
-0,08
-0,09
-0,095
-0,105
-0,115
-0,125
-0,135
-0,145
-0,155
-0,16
-0,17
-0,18
-0,185
-0,195
-0,2
-0,205
-0,21
-0,215
-0,215
-0,21
-0,205
-0,195
-0,185
-0,165
-0,15
-0,125
-0,1
-0,065
-0,03
0,01
0,055
0,105
0,165
0,225
0,295
0,365
0,445
0,525
0,61
0,7
0,79
0,88
0,97
1,055
1,135
1,215
1,285
1,355
1,415
1,475
1,525
1,57
1,605
1,635
1,655
1,665
1,67
1,66
1,65
1,63
1,605
1,575
1,54
1,495
1,445
1,395
1,335
1,265
1,195
1,12
1,04
0,96
0,875
0,785
0,695
0,605
0,52
0,435
0,355
0,285
0,215
0,155
0,105
0,055
0,015
-0,02
-0,05
-0,075
-0,1
-0,12
-0,135
-0,145
-0,155
-0,16
-0,165
-0,17
-0,17
-0,175
-0,175
-0,175
-0,175
-0,175
-0,17
-0,165
-0,16
-0,155
-0,155
-0,15
-0,145
-0,145
-0,145
-0,14
-0,14
-0,14
-0,14
-0,135
-0,135
-0,13
-0,13
-0,13
-0,13
-0,13
-0,13
-0,13
-0,13
-0,13
-0,13
-0,135
-0,135
-0,14
-0,14
-0,145
-0,15
-0,15
-0,155
-0,16
-0,16
-0,165
-0,165
-0,165
-0,165
-0,165
-0,16
-0,16
-0,16
-0,155
-0,15
-0,15
-0,145
-0,145
-0,14
-0,135
-0,135
-0,13
-0,125
-0,125
-0,12
-0,115
-0,11
-0,11
-0,105
-0,105
-0,1
-0,095
-0,095
-0,09
-0,085
-0,085
-0,08
-0,075
-0,075
-0,07
-0,07
-0,07
-0,065
-0,065
-0,065
-0,06
-0,06
-0,06
-0,055
-0,055
-0,05
-0,05
-0,05
-0,045
-0,045
-0,045
-0,045
-0,045
-0,045
-0,045
-0,045
-0,045
-0,045
-0,045
-0,05
-0,05
-0,05
-0,05
-0,055
-0,055
-0,055
-0,055
-0,06
-0,06
-0,06
-0,06
-0,06
-0,06
-0,06
-0,06
-0,06
-0,06
-0,06
-0,06
-0,06
-0,06
-0,065
-0,065
-0,065
-0,065
-0,065
-0,065
-0,065
-0,065
-0,065
-0,065
-0,07
-0,07
-0,07
-0,07
-0,07
-0,07
-0,075
-0,075
-0,07
-0,07
-0,07
-0,075
-0,075
-0,075
-0,075
-0,08
-0,08
-0,085
-0,085
-0,09
-0,09
-0,095
-0,095
-0,095
-0,095
-0,095
-0,095
-0,095
-0,095
-0,095
-0,095
-0,095
-0,095
-0,095
-0,095
-0,095
-0,09
-0,09
-0,09
-0,085
-0,085
-0,085
-0,08
-0,08
-0,08
-0,075
-0,075
-0,075
-0,07
-0,07
-0,07
-0,07
-0,065
-0,065
-0,065
-0,06
-0,06
-0,06
-0,06
-0,06
-0,06
-0,06
-0,06
-0,06
-0,06
-0,06
-0,06
-0,055
-0,055
-0,05
-0,05
-0,045
-0,045
-0,04
-0,04
-0,04
-0,04
-0,04
-0,04
-0,04
-0,04
-0,04
-0,045
-0,045
-0,04
-0,04
-0,04
-0,04
-0,04
-0,04
-0,04
-0,04
-0,04
-0,04
-0,04
-0,04
-0,04
-0,035
-0,035
-0,035
-0,03
-0,03
-0,03
-0,03
-0,03
-0,03
-0,03
-0,03
-0,035
-0,035
-0,04
-0,04
-0,04
-0,04
-0,04
-0,04
-0,045
-0,045
-0,045
-0,045
-0,045
-0,045
-0,045
-0,045
-0,045
-0,045
-0,045
-0,04
-0,04
-0,035
-0,03
-0,03
-0,025
-0,02
-0,02
-0,015
-0,015
-0,015
-0,01
-0,01
-0,01
-0,005
-0,005
-0,005
0
0
0
0
0,005
0,005
0,005
0,005
0,005
0,005
0,005
0,005
0
0
0
-0,005
-0,005
-0,01
-0,01
-0,01
-0,015
-0,015
-0,02
-0,02
-0,02
-0,02
-0,025
-0,025
-0,025
-0,02
-0,02
-0,02
-0,02
-0,02
-0,02
-0,02
-0,02
-0,02
-0,02
-0,02
-0,02
-0,02
-0,02
-0,02
-0,025
-0,025
-0,025
-0,025
-0,025
-0,025
-0,025
-0,025
-0,025
-0,025
-0,025
-0,025
-0,025
-0,025
-0,02
-0,02
-0,02
-0,02
-0,02
-0,015
-0,015
-0,015
-0,01
-0,01
-0,005
-0,005
0
0
0,005
0,005
0,01
0,01
0,01
0,015
0,015
0,015
0,015
0,02
0,02
0,02
0,02
0,02
0,02
0,02
0,02
0,02
0,02
0,02
0,025
0,025
0,025
0,025
0,025
0,025
0,025
0,025
0,025
0,025
0,025
0,025
0,02
0,02
0,02
0,02
0,02
0,02
0,02
0,02
0,02
0,025
0,025
0,03
0,03
0,035
0,035
0,035
0,04
0,04
0,04
0,04
0,04
0,045
0,045
0,045
0,045
0,045
0,045
0,045
0,045
0,045
0,045
0,045
0,045
0,045
0,045
0,04
0,04
0,04
0,035
0,03
0,03
0,025
0,025
0,02
0,02
0,02
0,02
0,02
0,02
0,02
0,02
0,02
0,015
0,015
0,015
0,015
0,015
0,015
0,015
0,015
0,01
0,01
0,01
0,01
0,01
0,01
0,01
0,015
0,015
0,015
0,015
0,02
0,02
0,02
0,02
0,025
0,025
0,03
0,03
0,03
0,03
0,03
0,03
0,03
0,03
0,03
0,03
0,03
0,025
0,025
0,02
0,02
0,015
0,015
0,01
0,01
0,01
0,005
0,005
0,005
0
0
0
0
0
0
0
0
0
0,005
0,005
0,01
0,01
0,015
0,015
0,02
0,02
0,02
0,02
0,02
0,02
0,02
0,02
0,02
0,015
0,015
0,01
0,005
0,005
0
0
-0,005
-0,01
-0,01
-0,01
-0,015
-0,015
-0,02
-0,02
-0,02
-0,02
-0,025
-0,025
-0,025
-0,025
-0,025
-0,03
-0,03
-0,03
-0,03
-0,03
-0,03
-0,03
-0,03
-0,03
-0,03
-0,03
-0,03
-0,03
-0,03
-0,03
-0,03
-0,03
-0,025
-0,025
-0,025
-0,025
-0,025
-0,025
-0,03
-0,03
-0,03
-0,03
-0,03
-0,035
-0,035
-0,035
-0,035
-0,035
-0,03
-0,03
-0,03
-0,03
-0,035
-0,035
-0,035
-0,035
-0,035
-0,04
-0,04
-0,04
-0,045
-0,045
-0,05
-0,05
-0,055
-0,055
-0,055
-0,055
-0,055
-0,055
-0,055
-0,055
-0,055
-0,055
-0,055
-0,055
-0,05
-0,05
-0,045
-0,045
-0,045
-0,045
-0,045
-0,04
-0,04
-0,04
-0,04
-0,035
-0,035
-0,03
-0,03
-0,025
-0,025
-0,025
-0,025
-0,025
-0,025
-0,025
-0,03
-0,03
-0,035
-0,035
-0,04
-0,045
-0,045
-0,05
-0,055
-0,06
-0,065
-0,065
-0,07
-0,07
-0,075
-0,075
-0,075
-0,075
-0,075
-0,075
-0,07
-0,07
-0,07
-0,07
-0,065
-0,065
-0,065
-0,065
-0,06
-0,06
-0,055
-0,055
-0,055
-0,05
-0,05
-0,05
-0,045
-0,045
-0,045
-0,045
-0,045
-0,045
-0,045
-0,045
-0,045
-0,045
-0,05
-0,05
-0,05
-0,05
-0,055
-0,055
-0,055
-0,055
-0,055
-0,055
-0,055
-0,055
-0,055
-0,055
-0,055
-0,055
-0,055
-0,05
-0,05
-0,045
-0,045
-0,045
-0,045
-0,045
-0,045
-0,045
-0,045
-0,045
-0,045
-0,045
-0,045
-0,045
-0,045
-0,045
-0,04
-0,04
-0,035
-0,03
-0,03
-0,025
-0,02
-0,02
-0,015
-0,01
-0,01
-0,01
-0,01
-0,01
-0,01
-0,01
-0,01
-0,015
-0,015
-0,02
-0,025
-0,03
-0,03
-0,035
-0,04
-0,04
-0,045
-0,045
-0,045
-0,05
-0,05
-0,05
-0,055
-0,055
-0,055
-0,055
-0,06
-0,06
-0,06
-0,065
-0,065
-0,07
-0,07
-0,07
-0,075
-0,075
-0,075
-0,075
-0,075
-0,08
-0,08
-0,085
-0,085
-0,085
-0,085
-0,09
-0,09
-0,09
-0,095
-0,095
-0,095
-0,1
-0,1
-0,105
-0,105
-0,11
-0,115
-0,115
-0,12
-0,12
-0,125
-0,125
-0,125
-0,125
-0,12
-0,12
-0,12
-0,12
-0,115
-0,115
-0,11
-0,11
-0,105
-0,105
-0,1
-0,095
-0,095
-0,09
-0,09
-0,085
-0,085
-0,08
-0,08
-0,08
-0,075
-0,075
-0,075
-0,075
-0,08
-0,08
-0,08
-0,08
-0,08
-0,085
-0,085
-0,085
-0,09
-0,09
-0,09
-0,095
-0,095
-0,095
-0,1
-0,1
-0,105
-0,105
-0,105
-0,11
-0,11
-0,11
-0,11
-0,11
-0,11
-0,11
-0,11
-0,11
-0,11
-0,105
-0,105
-0,105
-0,105
-0,11
-0,11
-0,11
-0,11
-0,11
-0,11
-0,11
-0,11
-0,11
-0,11
-0,11
-0,11
-0,11
-0,105
-0,105
-0,105
-0,105
-0,105
-0,105
-0,105
-0,105
-0,105
-0,1
-0,1
-0,1
-0,1
-0,1
-0,1
-0,1
-0,1
-0,1
-0,1
-0,1
-0,1
-0,1
-0,1
-0,1
-0,105
-0,105
-0,105
-0,105
-0,105
-0,11
-0,11
-0,11
-0,115
-0,12
-0,12
-0,125
-0,13
-0,135
-0,14
-0,145
-0,15
-0,16
-0,165
-0,17
-0,18
-0,185
-0,19
-0,195
-0,195
-0,195
-0,195
-0,19
-0,18
-0,17
-0,155
-0,14
-0,12
-0,095
-0,065
-0,035
0
0,04
0,09
0,14
0,2
0,265
0,34
0,415
0,5
0,59
0,68
0,775
0,87
0,96
1,055
1,14
1,225
1,305
1,385
1,455
1,52
1,58
1,63
1,675
1,71
1,74
1,755
1,76
1,76
1,75
1,73
1,705
1,675
1,635
1,595
1,54
1,485
1,42
1,345
1,27
1,185
1,095
1,005
0,91
0,815
0,715
0,62
0,525
0,435
0,35
0,27
0,2
0,135
0,08
0,03
-0,01
-0,05
-0,08
-0,105
-0,13
-0,145
-0,16
-0,17
-0,18
-0,185
-0,19
-0,195
-0,195
-0,195
-0,195
-0,195
-0,195
-0,19
-0,19
-0,185
-0,185
-0,18
-0,18
-0,18
-0,185
-0,185
-0,185
-0,185
-0,185
-0,185
-0,185
-0,18
-0,18
-0,175
-0,175
-0,175
-0,17
-0,17
-0,17
-0,17
-0,17
-0,17
-0,17
-0,17
-0,17
-0,175
-0,175
-0,175
-0,18
-0,18
-0,18
-0,18
-0,18
-0,18
-0,18
-0,18
-0,175
-0,175
-0,175
-0,17
-0,165
-0,165
-0,16
-0,155
-0,15
-0,15
-0,145
-0,14
-0,13
-0,125
-0,12
-0,115
-0,11
-0,105
-0,1
-0,095
-0,09
-0,09
-0,085
-0,08
-0,075
-0,07
-0,07
-0,065
-0,065
-0,065
-0,065
-0,065
-0,06
-0,06
-0,06
-0,06
-0,06
-0,06
-0,06
-0,06
-0,06
-0,06
-0,06
-0,06
-0,065
-0,065
-0,065
-0,065
-0,07
-0,07
-0,07
-0,07
-0,075
-0,075
-0,075
-0,075
-0,075
-0,075
-0,075
-0,075
-0,075
-0,075
-0,075
-0,075
-0,075
-0,075
-0,075
-0,075
-0,075
-0,075
-0,08
-0,08
-0,08
-0,08
-0,085
-0,085
-0,085
-0,09
-0,09
-0,09
-0,09
-0,09
-0,095
-0,095
-0,095
-0,095
-0,095
-0,095
-0,095
-0,095
-0,095
-0,095
-0,095
-0,095
-0,095
-0,095
-0,095
-0,095
-0,095
-0,095
-0,095
-0,095
-0,09
-0,09
-0,09
-0,085
-0,085
-0,085
-0,08
-0,08
-0,08
-0,08
-0,08
-0,075
-0,075
-0,075
-0,075
-0,07
-0,07
-0,07
-0,07
-0,075
-0,075
-0,075
-0,075
-0,08
-0,08
-0,08
-0,08
-0,08
-0,08
-0,08
-0,08
-0,08
-0,08
-0,08
-0,08
-0,08
-0,08
-0,08
-0,08
-0,075
-0,075
-0,075
-0,07
-0,07
-0,07
-0,065
-0,065
-0,065
-0,065
-0,065
-0,065
-0,065
-0,065
-0,06
-0,06
-0,06
-0,055
-0,055
-0,055
-0,05
-0,05
-0,045
-0,045
-0,04
-0,04
-0,035
-0,035
-0,03
-0,03
-0,03
-0,03
-0,025
-0,025
-0,025
-0,025
-0,025
-0,025
-0,025
-0,025
-0,025
-0,025
-0,025
-0,025
-0,025
-0,025
-0,025
-0,025
-0,025
-0,025
-0,02
-0,02
-0,02
-0,02
-0,02
-0,02
-0,02
-0,02
-0,02
-0,02
-0,02
-0,02
-0,02
-0,02
-0,02
-0,02
-0,02
-0,02
-0,015
-0,015
-0,015
-0,015
-0,015
-0,015
-0,015
-0,01
-0,01
-0,01
-0,01
-0,01
-0,01
-0,005
-0,005
-0,005
-0,005
-0,005
-0,005
-0,005
-0,005
-0,005
-0,005
-0,005
-0,005
-0,005
-0,005
-0,005
-0,005
0
0
0
0
0
0
0
0
0
0
0
0
0
-0,005
-0,005
-0,005
-0,01
-0,01
-0,015
-0,015
-0,02
-0,02
-0,025
-0,025
-0,03
-0,03
-0,035
-0,035
-0,04
-0,04
-0,045
-0,045
-0,045
-0,05
-0,05
-0,05
-0,045
-0,045
-0,045
-0,045
-0,045
-0,04
-0,04
-0,035
-0,035
-0,03
-0,03
-0,025
-0,02
-0,02
-0,015
-0,015
-0,01
-0,01
-0,01
-0,005
-0,005
0
0
0
0,005
0,005
0,005
0,005
0,01
0,01
0,01
0,01
0,01
0,01
0,01
0,015
0,015
0,015
0,015
0,015
0,015
0,015
0,015
0,015
0,015
0,015
0,015
0,015
0,01
0,01
0,01
0,01
0,005
0,005
0,005
0
0
0
0
0
0
0
0
0
0
-0,005
-0,005
-0,005
-0,005
-0,005
-0,005
-0,005
-0,005
-0,005
-0,005
-0,005
-0,01
-0,01
-0,01
-0,01
-0,01
-0,01
-0,01
-0,015
-0,015
-0,01
-0,01
-0,01
-0,01
-0,01
-0,01
-0,01
-0,01
-0,005
-0,005
-0,005
0
0
0
0
0
-0,005
-0,005
-0,005
-0,005
-0,005
-0,005
-0,005
-0,01
-0,01
-0,01
-0,01
-0,01
-0,01
-0,005
-0,005
-0,005
0
0
0
0
0,005
0,005
0,005
0,005
0,005
0,005
0
0
0
0
0
-0,005
-0,005
-0,005
-0,005
-0,01
-0,01
-0,01
-0,015
-0,015
-0,015
-0,02
-0,02
-0,02
-0,02
-0,02
-0,02
-0,02
-0,02
-0,02
-0,02
-0,02
-0,02
-0,02
-0,025
-0,025
-0,025
-0,025
-0,025
-0,025
-0,025
-0,03
-0,03
-0,03
-0,03
-0,035
-0,035
-0,035
-0,03
-0,03
-0,03
-0,03
-0,03
-0,03
-0,03
-0,03
-0,03
-0,03
-0,025
-0,025
-0,025
-0,025
-0,025
-0,025
-0,025
-0,025
-0,025
-0,025
-0,025
-0,025
-0,025
-0,03
-0,03
-0,035
-0,04
-0,04
-0,04
-0,045
-0,045
-0,045
-0,045
-0,045
-0,045
-0,05
-0,05
-0,05
-0,05
-0,05
-0,05
-0,045
-0,045
-0,045
-0,045
-0,045
-0,045
-0,045
-0,045
-0,045
-0,045
-0,045
-0,045
-0,045
-0,045
-0,045
-0,045
-0,045
-0,045
-0,045
-0,045
-0,05
-0,05
-0,05
-0,055
-0,055
-0,055
-0,055
-0,055
-0,055
-0,055
-0,055
-0,055
-0,055
-0,055
-0,06
-0,06
-0,06
-0,06
-0,065
-0,065
-0,065
-0,065
-0,07
-0,07
-0,07
-0,07
-0,07
-0,07
-0,075
-0,075
-0,075
-0,075
-0,075
-0,075
-0,075
-0,07
-0,07
-0,07
-0,07
-0,065
-0,065
-0,065
-0,065
-0,065
-0,065
-0,065
-0,065
-0,065
-0,065
-0,065
-0,065
-0,065
-0,065
-0,065
-0,065
-0,065
-0,065
-0,065
-0,065
-0,065
-0,065
-0,06
-0,06
-0,06
-0,06
-0,055
-0,055
-0,055
-0,055
-0,055
-0,05
-0,05
-0,05
-0,05
-0,05
-0,055
-0,055
-0,055
-0,055
-0,055
-0,06
-0,06
-0,06
-0,06
-0,065
-0,065
-0,065
-0,065
-0,07
-0,07
-0,07
-0,07
-0,07
-0,07
-0,075
-0,075
-0,075
-0,075
-0,075
-0,07
-0,07
-0,075
-0,075
-0,075
-0,07
-0,07
-0,07
-0,07
-0,07
-0,07
-0,07
-0,065
-0,065
-0,065
-0,065
-0,06
-0,06
-0,06
-0,06
-0,06
-0,06
-0,06
-0,06
-0,06
-0,055
-0,055
-0,055
-0,055
-0,05
-0,05
-0,045
-0,045
-0,04
-0,04
-0,04
-0,035
-0,035
-0,03
-0,03
-0,025
-0,025
-0,025
-0,02
-0,02
-0,02
-0,02
-0,02
-0,025
-0,025
-0,025
-0,025
-0,025
-0,025
-0,025
-0,025
-0,025
-0,025
-0,03
-0,03
-0,03
-0,03
-0,035
-0,035
-0,04
-0,04
-0,045
-0,045
-0,05
-0,05
-0,055
-0,06
-0,06
-0,065
-0,065
-0,07
-0,07
-0,075
-0,075
-0,075
-0,075
-0,075
-0,07
-0,07
-0,07
-0,07
-0,07
-0,07
-0,07
-0,07
-0,07
-0,075
-0,075
-0,075
-0,08
-0,08
-0,085
-0,085
-0,09
-0,095
-0,095
-0,1
-0,1
-0,105
-0,105
-0,11
-0,11
-0,11
-0,11
-0,11
-0,11
-0,11
-0,105
-0,105
-0,105
-0,1
-0,1
-0,095
-0,095
-0,095
-0,095
-0,09
-0,09
-0,09
-0,09
-0,09
-0,09
-0,09
-0,095
-0,095
-0,095
-0,095
-0,095
-0,095
-0,1
-0,1
-0,1
-0,1
-0,1
-0,1
-0,1
-0,1
-0,1
-0,1
-0,1
-0,1
-0,1
-0,1
-0,1
-0,1
-0,1
-0,1
-0,1
-0,1
-0,095
-0,095
-0,095
-0,09
-0,09
-0,09
-0,085
-0,085
-0,085
-0,085
-0,085
-0,08
-0,08
-0,08
-0,08
-0,08
-0,08
-0,08
-0,08
-0,08
-0,075
-0,075
-0,075
-0,075
-0,075
-0,075
-0,075
-0,075
-0,07
-0,07
-0,065
-0,065
-0,06
-0,055
-0,055
-0,05
-0,05
-0,045
-0,045
-0,04
-0,04
-0,04
-0,04
-0,04
-0,04
-0,04
-0,045
-0,045
-0,045
-0,045
-0,045
-0,05
-0,05
-0,05
-0,05
-0,055
-0,055
-0,06
-0,07
-0,075
-0,08
-0,09
-0,1
-0,105
-0,115
-0,125
-0,135
-0,15
-0,16
-0,17
-0,175
-0,185
-0,19
-0,195
-0,2
-0,205
-0,205
-0,205
-0,2
-0,195
-0,185
-0,17
-0,155
-0,135
-0,115
-0,09
-0,06
-0,025
0,015
0,06
0,11
0,17
0,23
0,3
0,375
0,455
0,54
0,625
0,72
0,81
0,905
0,995
1,09
1,175
1,26
1,34
1,415
1,485
1,545
1,6
1,65
1,69
1,72
1,745
1,755
1,755
1,75
1,735
1,71
1,68
1,645
1,605
1,555
1,5
1,44
1,375
1,305
1,23
1,15
1,065
0,98
0,89
0,8
0,71
0,615
0,53
0,445
0,365
0,29
0,22
0,16
0,105
0,06
0,02
-0,015
-0,045
-0,075
-0,095
-0,115
-0,135
-0,15
-0,16
-0,17
-0,175
-0,185
-0,185
-0,19
-0,19
-0,19
-0,19
-0,19
-0,185
-0,185
-0,18
-0,18
-0,175
-0,175
-0,17
-0,17
-0,165
-0,165
-0,16
-0,16
-0,155
-0,15
-0,145
-0,145
-0,14
-0,135
-0,135
-0,135
-0,13
-0,13
-0,13
-0,13
-0,13
-0,135
-0,135
-0,14
-0,14
-0,145
-0,145
-0,15
-0,15
-0,15
-0,155
-0,155
-0,16
-0,16
-0,16
-0,16
-0,16
-0,16
-0,16
-0,16
-0,16
-0,16
-0,155
-0,155
-0,15
-0,145
-0,14
-0,135
-0,13
-0,125
-0,12
-0,115
-0,11
-0,105
-0,1
-0,095
-0,09
-0,09
-0,085
-0,085
-0,08
-0,08
-0,08
-0,075
-0,075
-0,075
-0,075
-0,075
-0,075
-0,075
-0,075
-0,075
-0,075
-0,075
-0,075
-0,075
-0,07
-0,07
-0,07
-0,065
-0,065
-0,065
-0,06
-0,06
-0,06
-0,06
-0,06
-0,065
-0,065
-0,065
-0,07
-0,07
-0,07
-0,07
-0,07
-0,07
-0,07
-0,07
-0,07
-0,065
-0,065
-0,065
-0,065
-0,065
-0,06
-0,06
-0,06
-0,06
-0,06
-0,06
-0,06
-0,06
-0,055
-0,06
-0,06
-0,06
-0,065
-0,065
-0,065
-0,07
-0,07
-0,07
-0,07
-0,07
-0,07
-0,07
-0,07
-0,07
-0,07
-0,07
-0,07
-0,07
-0,07
-0,075
-0,075
-0,08
-0,08
-0,08
-0,08
-0,08
-0,08
-0,08
-0,08
-0,08
-0,08
-0,08
-0,08
-0,08
-0,085
-0,085
-0,085
-0,09
-0,09
-0,095
-0,095
-0,095
-0,1
-0,1
-0,105
-0,105
-0,105
-0,105
-0,105
-0,1
-0,1
-0,1
-0,095
-0,095
-0,095
-0,095
-0,09
-0,09
-0,09
-0,09
-0,09
-0,09
-0,095
-0,095
-0,095
-0,1
-0,1
-0,1
-0,105
-0,105
-0,105
-0,105
-0,105
-0,105
-0,105
-0,105
-0,105
-0,105
-0,105
-0,105
-0,1
-0,1
-0,1
-0,1
-0,095
-0,095
-0,09
-0,09
-0,085
-0,085
-0,08
-0,08
-0,08
-0,075
-0,075
-0,075
-0,075
-0,075
-0,075
-0,075
-0,075
-0,075
-0,08
-0,08
-0,08
-0,08
-0,085
-0,085
-0,085
-0,085
-0,085
-0,085
-0,085
-0,09
-0,09
-0,09
-0,09
-0,095
-0,095
-0,095
-0,095
-0,095
-0,095
-0,095
-0,095
-0,095
-0,095
-0,095
-0,095
-0,095
-0,09
-0,09
-0,09
-0,085
-0,08
-0,08
-0,075
-0,07
-0,07
-0,065
-0,06
-0,06
-0,06
-0,055
-0,055
-0,055
-0,05
-0,045
-0,045
-0,04
-0,04
-0,04
-0,04
-0,04
-0,04
-0,04
-0,04
-0,04
-0,045
-0,045
-0,045
-0,045
-0,05
-0,05
-0,05
-0,055
-0,055
-0,055
-0,055
-0,055
-0,055
-0,06
-0,06
-0,065
-0,065
-0,065
-0,065
-0,07
-0,07
-0,07
-0,07
-0,07
-0,07
-0,07
-0,07
-0,07
-0,07
-0,075
-0,075
-0,075
-0,075
-0,075
-0,07
-0,07
-0,065
-0,065
-0,06
-0,055
-0,055
-0,05
-0,05
-0,045
-0,045
-0,04
-0,04
-0,035
-0,035
-0,03
-0,03
-0,025
-0,02
-0,02
-0,02
-0,015
-0,015
-0,015
-0,01
-0,01
-0,01
-0,01
-0,01
-0,005
-0,005
-0,005
-0,005
-0,005
0
0
0
0
0
0
0
0
0,005
0,005
0,005
0,01
0,01
0,015
0,015
0,015
0,015
0,02
0,02
0,02
0,025
0,025
0,025
0,03
0,03
0,03
0,035
0,035
0,04
0,04
0,045
0,045
0,045
0,05
0,05
0,05
0,05
0,05
0,045
0,045
0,045
0,045
0,04
0,04
0,04
0,04
0,04
0,04
0,04
0,035
0,035
0,035
0,03
0,03
0,03
0,03
0,03
0,03
0,03
0,03
0,03
0,03
0,03
0,03
0,03
0,03
0,03
0,03
0,03
0,035
0,035
0,035
0,035
0,035
0,035
0,03
0,03
0,03
0,03
0,025
0,025
0,025
0,025
0,02
0,02
0,02
0,015
0,015
0,015
0,015
0,015
0,015
0,015
0,015
0,015
0,015
0,015
0,015
0,02
0,02
0,02
0,02
0,02
0,02
0,025
0,025
0,025
0,025
0,025
0,03
0,03
0,03
0,03
0,03
0,025
0,025
0,025
0,02
0,02
0,02
0,015
0,015
0,01
0,01
0,005
0,005
0
0
0
-0,005
-0,005
-0,005
-0,005
-0,005
-0,005
-0,005
0
0
0
0
0,005
0,005
0,005
0,005
0,005
0,005
0
0
0
0
-0,005
-0,005
-0,005
-0,005
-0,005
-0,01
-0,01
-0,01
-0,015
-0,015
-0,015
-0,02
-0,02
-0,02
-0,025
-0,025
-0,025
-0,025
-0,025
-0,025
-0,025
-0,03
-0,03
-0,03
-0,03
-0,03
-0,03
-0,03
-0,03
-0,025
-0,025
-0,025
-0,025
-0,025
-0,025
-0,025
-0,025
-0,025
-0,025
-0,03
-0,03
-0,03
-0,03
-0,03
-0,025
-0,025
-0,025
-0,025
-0,025
-0,025
-0,025
-0,025
-0,025
-0,025
-0,03
-0,03
-0,03
-0,03
-0,03
-0,035
-0,035
-0,035
-0,035
-0,035
-0,03
-0,03
-0,03
-0,03
-0,03
-0,03
-0,03
-0,03
-0,03
-0,03
-0,03
-0,03
-0,03
-0,035
-0,035
-0,035
-0,035
-0,035
-0,035
-0,04
-0,04
-0,04
-0,04
-0,04
-0,045
-0,045
-0,045
-0,045
-0,045
-0,045
-0,045
-0,05
-0,05
-0,05
-0,05
-0,05
-0,05
-0,05
-0,05
-0,05
-0,05
-0,05
-0,05
-0,05
-0,045
-0,045
-0,045
-0,04
-0,04
-0,035
-0,035
-0,03
-0,03
-0,025
-0,025
-0,025
-0,025
-0,03
-0,03
-0,03
-0,03
-0,035
-0,035
-0,04
-0,04
-0,04
-0,04
-0,04
-0,04
-0,04
-0,04
-0,035
-0,035
-0,035
-0,035
-0,035
-0,03
-0,03
-0,03
-0,03
-0,03
-0,03
-0,03
-0,03
-0,03
-0,03
-0,035
-0,035
-0,035
-0,035
-0,035
-0,04
-0,04
-0,04
-0,04
-0,04
-0,04
-0,04
-0,04
-0,04
-0,035
-0,035
-0,035
-0,035
-0,03
-0,03
-0,03
-0,03
-0,025
-0,025
-0,02
-0,02
-0,015
-0,015
-0,01
-0,01
-0,01
-0,005
-0,005
-0,005
-0,005
-0,005
-0,005
-0,005
-0,005
-0,005
-0,005
-0,005
-0,005
-0,005
-0,005
-0,01
-0,01
-0,01
-0,01
-0,01
-0,01
-0,015
-0,015
-0,015
-0,015
-0,02
-0,02
-0,025
-0,025
-0,03
-0,035
-0,04
-0,04
-0,045
-0,045
-0,05
-0,05
-0,055
-0,055
-0,06
-0,06
-0,06
-0,065
-0,065
-0,065
-0,07
-0,07
-0,07
-0,07
-0,075
-0,075
-0,075
-0,075
-0,075
-0,075
-0,075
-0,075
-0,075
-0,075
-0,075
-0,075
-0,075
-0,075
-0,075
-0,075
-0,075
-0,075
-0,08
-0,08
-0,08
-0,08
-0,08
-0,08
-0,075
-0,075
-0,075
-0,075
-0,075
-0,07
-0,07
-0,07
-0,07
-0,07
-0,065
-0,065
-0,07
-0,07
-0,07
-0,07
-0,07
-0,07
-0,075
-0,075
-0,075
-0,08
-0,08
-0,085
-0,085
-0,085
-0,085
-0,09
-0,09
-0,09
-0,095
-0,095
-0,095
-0,095
-0,095
-0,095
-0,095
-0,095
-0,095
-0,095
-0,09
-0,09
-0,09
-0,09
-0,09
-0,09
-0,09
-0,09
-0,09
-0,09
-0,09
-0,085
-0,085
-0,085
-0,085
-0,085
-0,085
-0,085
-0,085
-0,085
-0,085
-0,085
-0,085
-0,085
-0,085
-0,085
-0,09
-0,09
-0,09
-0,09
-0,09
-0,09
-0,09
-0,09
-0,09
-0,09
-0,085
-0,085
-0,085
-0,085
-0,085
-0,08
-0,08
-0,08
-0,075
-0,075
-0,075
-0,075
-0,075
-0,07
-0,07
-0,075
-0,075
-0,075
-0,075
-0,075
-0,075
-0,075
-0,075
-0,075
-0,08
-0,08
-0,085
-0,09
-0,095
-0,105
-0,11
-0,115
-0,125
-0,13
-0,14
-0,145
-0,15
-0,16
-0,165
-0,17
-0,175
-0,18
-0,18
-0,18
-0,18
-0,17
-0,165
-0,15
-0,135
-0,12
-0,095
-0,07
-0,035
0
0,04
0,085
0,14
0,195
0,26
0,325
0,4
0,475
0,555
0,64
0,73
0,815
0,905
0,99
1,07
1,145
1,22
1,285
1,345
1,4
1,45
1,495
1,53
1,555
1,575
1,59
1,595
1,59
1,575
1,56
1,535
1,505
1,47
1,43
1,385
1,335
1,28
1,22
1,155
1,09
1,02
0,945
0,865
0,79
0,71
0,63
0,55
0,475
0,4
0,335
0,27
0,21
0,16
0,11
0,07
0,035
0,005
-0,02
-0,045
-0,065
-0,085
-0,1
-0,11
-0,115
-0,125
-0,125
-0,13
-0,13
-0,135
-0,135
-0,135
-0,13
-0,13
-0,125
-0,12
-0,115
-0,11
-0,105
-0,1
-0,095
-0,095
-0,095
-0,09
-0,09
-0,09
-0,09
-0,09
-0,09
-0,085
-0,085
-0,085
-0,09
-0,09
-0,095
-0,095
-0,1
-0,105
-0,11
-0,115
-0,12
-0,125
-0,13
-0,135
-0,14
-0,14
-0,145
-0,15
-0,15
-0,15
-0,155
-0,155
-0,155
-0,155
-0,15
-0,15
-0,15
-0,15
-0,145
-0,145
-0,14
-0,14
-0,135
-0,135
-0,13
-0,125
-0,12
-0,12
-0,115
-0,11
-0,105
-0,105
-0,1
-0,1
-0,095
-0,095
-0,095
-0,09
-0,09
-0,085
-0,085
-0,085
-0,08
-0,08
-0,075
-0,075
-0,075
-0,075
-0,07
-0,07
-0,07
-0,07
-0,07
-0,07
-0,07
-0,07
-0,07
-0,065
-0,065
-0,065
-0,065
-0,065
-0,065
-0,065
-0,065
-0,065
-0,065
-0,065
-0,065
-0,065
-0,07
-0,07
-0,065
-0,065
-0,065
-0,065
-0,065
-0,065
-0,065
-0,065
-0,065
-0,065
-0,065
-0,07
-0,07
-0,07
-0,07
-0,07
-0,075
-0,075
-0,075
-0,075
-0,075
-0,075
-0,075
-0,075
-0,075
-0,075
-0,08
-0,08
-0,08
-0,08
-0,08
-0,08
-0,08
-0,08
-0,085
-0,085
-0,085
-0,085
-0,085
-0,085
-0,085
-0,09
-0,09
-0,09
-0,095
-0,095
-0,095
-0,095
-0,1
-0,1
-0,1
-0,105
-0,105
-0,105
-0,105
-0,105
-0,11
-0,11
-0,11
-0,11
-0,115
-0,115
-0,115
-0,115
-0,12
-0,12
-0,12
-0,115
-0,115
-0,115
-0,115
-0,11
-0,11
-0,11
-0,11
-0,105
-0,105
-0,105
-0,105
-0,105
-0,105
-0,105
-0,105
-0,105
-0,105
-0,105
-0,105
-0,11
-0,11
-0,11
-0,11
-0,11
-0,11
-0,11
-0,11
-0,11
-0,11
-0,11
-0,11
-0,11
-0,11
-0,105
-0,105
-0,105
-0,105
-0,105
-0,105
-0,1
-0,1
-0,1
-0,1
-0,1
-0,1
-0,105
-0,105
-0,105
-0,105
-0,11
-0,11
-0,11
-0,115
-0,115
-0,115
-0,115
-0,115
-0,115
-0,115
-0,115
-0,115
-0,115
-0,11
-0,11
-0,11
-0,11
-0,11
-0,11
-0,115
-0,115
-0,115
-0,115
-0,12
-0,12
-0,12
-0,12
-0,12
-0,12
-0,12
-0,115
-0,115
-0,11
-0,105
-0,1
-0,1
-0,095
-0,09
-0,085
-0,085
-0,08
-0,075
-0,075
-0,07
-0,065
-0,065
-0,06
-0,06
-0,055
-0,055
-0,055
-0,055
-0,055
-0,055
-0,06
-0,06
-0,06
-0,06
-0,06
-0,06
-0,06
-0,06
-0,06
-0,06
-0,06
-0,055
-0,055
-0,055
-0,055
-0,055
-0,055
-0,055
-0,06
-0,06
-0,065
-0,065
-0,065
-0,07
-0,07
-0,07
-0,07
-0,07
-0,07
-0,075
-0,075
-0,075
-0,075
-0,075
-0,075
-0,08
-0,08
-0,08
-0,08
-0,08
-0,08
-0,08
-0,075
-0,075
-0,07
-0,07
-0,065
-0,065
-0,06
-0,06
-0,055
-0,055
-0,055
-0,05
-0,05
-0,045
-0,045
-0,04
-0,04
-0,04
-0,035
-0,035
-0,03
-0,03
-0,025
-0,025
-0,025
-0,02
-0,02
-0,02
-0,02
-0,02
-0,015
-0,015
-0,01
-0,01
-0,01
-0,005
-0,005
0
0
0
0
0
0
0,005
0,005
0,01
0,01
0,01
0,015
0,015
0,02
0,02
0,02
0,025
0,025
0,03
0,03
0,03
0,03
0,025
0,025
0,025
0,025
0,02
0,02
0,02
0,02
0,02
0,02
0,02
0,02
0,02
0,02
0,02
0,02
0,02
0,02
0,02
0,025
0,025
0,025
0,025
0,025
0,025
0,025
0,025
0,025
0,025
0,025
0,025
0,025
0,03
0,03
0,03
0,03
0,03
0,035
0,035
0,035
0,035
0,04
0,04
0,04
0,04
0,04
0,04
0,04
0,04
0,04
0,04
0,04
0,04
0,035
0,035
0,035
0,035
0,03
0,03
0,03
0,03
0,03
0,03
0,03
0,025
0,025
0,025
0,025
0,025
0,02
0,02
0,02
0,015
0,015
0,015
0,01
0,01
0,01
0,005
0,005
0,005
0
0
0
0
0
0
-0,005
-0,005
-0,005
-0,005
0
0
0
0
0
0
0
0
0
0
0
0
-0,005
-0,005
-0,005
-0,005
-0,005
-0,005
-0,005
0
0
0
0
0
0,005
0,005
0,005
0,005
0,01
0,01
0,01
0,01
0,01
0,01
0,01
0,005
0,005
0,005
0,005
0,005
0
0
0
0
0
0
0
0
0
0
0
-0,005
-0,005
-0,005
-0,005
-0,005
-0,005
-0,005
-0,005
-0,005
-0,005
-0,01
-0,01
-0,01
-0,01
-0,01
-0,01
-0,015
-0,015
-0,015
-0,015
-0,015
-0,02
-0,02
-0,02
-0,025
-0,025
-0,03
-0,03
-0,035
-0,035
-0,035
-0,035
-0,04
-0,04
-0,04
-0,04
-0,04
-0,04
-0,035
-0,035
-0,035
-0,035
-0,03
-0,03
-0,03
-0,025
-0,025
-0,025
-0,025
-0,025
-0,025
-0,025
-0,025
-0,025
-0,025
-0,025
-0,025
-0,025
-0,025
-0,025
-0,025
-0,03
-0,03
-0,03
-0,03
-0,03
-0,03
-0,03
-0,03
-0,03
-0,03
-0,035
-0,035
-0,035
-0,04
-0,04
-0,04
-0,04
-0,045
-0,045
-0,04
-0,04
-0,04
-0,04
-0,035
-0,03
-0,03
-0,025
-0,02
-0,02
-0,015
-0,015
-0,01
-0,01
-0,01
-0,01
-0,005
-0,005
-0,01
-0,01
-0,01
-0,015
-0,015
-0,02
-0,02
-0,025
-0,025
-0,03
-0,03
-0,035
-0,035
-0,04
-0,04
-0,04
-0,045
-0,045
-0,045
-0,05
-0,05
-0,05
-0,05
-0,055
-0,055
-0,055
-0,055
-0,055
-0,055
-0,055
-0,055
-0,055
-0,055
-0,055
-0,05
-0,05
-0,05
-0,045
-0,045
-0,04
-0,04
-0,035
-0,035
-0,03
-0,03
-0,025
-0,025
-0,02
-0,02
-0,02
-0,015
-0,015
-0,015
-0,015
-0,015
-0,015
-0,015
-0,01
-0,01
-0,01
-0,01
-0,005
-0,005
-0,005
0
0
0
0
0
-0,005
-0,005
-0,005
-0,005
-0,005
-0,005
-0,01
-0,01
-0,01
-0,015
-0,02
-0,02
-0,02
-0,025
-0,025
-0,03
-0,03
-0,03
-0,035
-0,035
-0,035
-0,04
-0,04
-0,045
-0,045
-0,045
-0,05
-0,05
-0,055
-0,055
-0,055
-0,055
-0,055
-0,055
-0,055
-0,055
-0,055
-0,055
-0,055
-0,06
-0,06
-0,06
-0,06
-0,065
-0,065
-0,065
-0,07
-0,07
-0,075
-0,075
-0,08
-0,085
-0,085
-0,09
-0,09
-0,095
-0,095
-0,1
-0,105
-0,105
-0,11
-0,11
-0,11
-0,115
-0,115
-0,115
-0,115
-0,115
-0,115
-0,115
-0,115
-0,11
-0,11
-0,11
-0,11
-0,11
-0,11
-0,105
-0,105
-0,1
-0,1
-0,095
-0,095
-0,09
-0,09
-0,09
-0,09
-0,09
-0,09
-0,09
-0,085
-0,085
-0,085
-0,085
-0,085
-0,09
-0,09
-0,09
-0,09
-0,09
-0,095
-0,095
-0,095
-0,095
-0,095
-0,095
-0,095
-0,095
-0,095
-0,09
-0,09
-0,09
-0,085
-0,085
-0,085
-0,085
-0,085
-0,085
-0,085
-0,085
-0,085
-0,085
-0,09
-0,09
-0,09
-0,09
-0,09
-0,09
-0,09
-0,09
-0,09
-0,09
-0,085
-0,085
-0,085
-0,085
-0,085
-0,085
-0,085
-0,08
-0,08
-0,08
-0,08
-0,08
-0,08
-0,08
-0,08
-0,08
-0,08
-0,08
-0,075
-0,075
-0,075
-0,075
-0,075
-0,075
-0,075
-0,075
-0,075
-0,075
-0,08
-0,08
-0,085
-0,09
-0,095
-0,1
-0,11
-0,115
-0,125
-0,13
-0,14
-0,15
-0,16
-0,165
-0,175
-0,18
-0,19
-0,195
-0,2
-0,205
-0,205
-0,205
-0,205
-0,205
-0,2
-0,195
-0,185
-0,17
-0,155
-0,14
-0,115
-0,09
-0,06
-0,03
0,01
0,055
0,105
0,16
0,22
0,29
0,365
0,44
0,525
0,615
0,705
0,795
0,89
0,98
1,07
1,155
1,235
1,315
1,39
1,455
1,52
1,575
1,625
1,665
1,695
1,715
1,73
1,73
1,72
1,705
1,68
1,65
1,615
1,57
1,52
1,465
1,405
1,34
1,27
1,19
1,11
1,025
0,94
0,85
0,76
0,665
0,575
0,49
0,405
0,325
0,255
0,185
0,13
0,075
0,025
-0,01
-0,045
-0,075
-0,1
-0,12
-0,14
-0,15
-0,16
-0,17
-0,175
-0,18
-0,18
-0,18
-0,18
-0,18
-0,175
-0,175
-0,17
-0,165
-0,16
-0,16
-0,155
-0,155
-0,15
-0,15
-0,15
-0,15
-0,15
-0,15
-0,15
-0,145
-0,145
-0,14
-0,135
-0,13
-0,13
-0,125
-0,125
-0,125
-0,125
-0,13
-0,135
-0,135
-0,14
-0,145
-0,15
-0,155
-0,16
-0,165
-0,17
-0,17
-0,175
-0,175
-0,18
-0,18
-0,18
-0,18
-0,18
-0,175
-0,175
-0,17
-0,17
-0,165
-0,16
-0,16
-0,155
-0,15
-0,14
-0,135
-0,13
-0,12
-0,115
-0,11
-0,105
-0,1
-0,095
-0,095
-0,09
-0,09
-0,085
-0,085
-0,085
-0,08
-0,08
-0,075
-0,07
-0,07
-0,065
-0,065
-0,06
-0,06
-0,055
-0,055
-0,055
-0,06
-0,06
-0,06
-0,065
-0,065
-0,065
-0,07
-0,07
-0,07
-0,07
-0,065
-0,065
-0,065
-0,065
-0,06
-0,06
-0,06
-0,06
-0,055
-0,055
-0,055
-0,055
-0,055
-0,05
-0,05
-0,05
-0,05
-0,05
-0,05
-0,05
-0,05
-0,05
-0,05
-0,055
-0,055
-0,055
-0,055
-0,06
-0,06
-0,065
-0,065
-0,07
-0,075
-0,075
-0,08
-0,08
-0,085
-0,085
-0,085
-0,085
-0,09
-0,09
-0,09
-0,095
-0,095
-0,095
-0,095
-0,095
-0,095
-0,095
-0,095
-0,09
-0,09
-0,09
-0,085
-0,085
-0,085
-0,085
-0,085
-0,085
-0,085
-0,085
-0,085
-0,085
-0,085
-0,085
-0,085
-0,085
-0,085
-0,085
-0,085
-0,085
-0,085
-0,09
-0,09
-0,09
-0,09
-0,09
-0,09
-0,095
-0,095
-0,095
-0,095
-0,09
-0,09
-0,09
-0,085
-0,085
-0,08
-0,08
-0,075
-0,075
-0,07
-0,065
-0,06
-0,06
-0,055
-0,05
-0,05
-0,045
-0,045
-0,045
-0,045
-0,045
-0,04
-0,04
-0,04
-0,04
-0,04
-0,04
-0,04
-0,04
-0,04
-0,04
-0,04
-0,04
-0,04
-0,04
-0,04
-0,035
-0,035
-0,035
-0,035
-0,035
-0,035
-0,03
-0,03
-0,03
-0,035
-0,035
-0,035
-0,035
-0,035
-0,04
-0,04
-0,04
-0,04
-0,04
-0,045
-0,045
-0,045
-0,05
-0,05
-0,05
-0,055
-0,055
-0,055
-0,055
-0,05
-0,05
-0,05
-0,05
-0,05
-0,05
-0,05
-0,05
-0,045
-0,045
-0,045
-0,04
-0,04
-0,04
-0,04
-0,04
-0,035
-0,035
-0,03
-0,03
-0,03
-0,025
-0,025
-0,02
-0,02
-0,015
-0,015
-0,01
-0,01
-0,01
-0,01
-0,005
-0,005
-0,005
-0,005
-0,005
-0,005
-0,005
-0,005
-0,005
-0,01
-0,01
-0,01
-0,01
-0,01
-0,01
-0,01
-0,01
-0,01
-0,01
-0,01
-0,015
-0,015
-0,015
-0,02
-0,02
-0,025
-0,03
-0,03
-0,03
-0,035
-0,035
-0,035
-0,04
-0,04
-0,035
-0,035
-0,035
-0,035
-0,03
-0,03
-0,03
-0,025
-0,025
-0,02
-0,015
-0,015
-0,01
-0,01
-0,005
-0,005
0
0
0
0
-0,005
-0,005
-0,005
-0,005
-0,01
-0,01
-0,01
-0,01
-0,01
-0,01
-0,01
-0,01
-0,005
-0,005
-0,005
-0,005
0
0
0
0
0
0
0,005
0,005
0,01
0,01
0,01
0,015
0,015
0,015
0,015
0,02
0,02
0,02
0,02
0,02
0,02
0,025
0,025
0,025
0,025
0,025
0,025
0,025
0,025
0,025
0,025
0,025
0,025
0,025
0,025
0,02
0,02
0,02
0,02
0,02
0,02
0,02
0,02
0,02
0,02
0,02
0,02
0,02
0,02
0,015
0,015
0,01
0,01
0,01
0,005
0,005
0,005
0,01
0,01
0,01
0,015
0,015
0,02
0,02
0,02
0,02
0,02
0,025
0,025
0,025
0,02
0,02
0,02
0,02
0,02
0,02
0,02
0,02
0,02
0,02
0,015
0,015
0,015
0,015
0,015
0,015
0,015
0,015
0,015
0,015
0,015
0,015
0,015
0,015
0,015
0,015
0,01
0,01
0,01
0,01
0,01
0,01
0,01
0,01
0,01
0,015
0,015
0,015
0,02
0,02
0,02
0,02
0,02
0,02
0,02
0,02
0,02
0,015
0,015
0,015
0,01
0,01
0,01
0,005
0,005
0,005
0
0
0
-0,005
-0,005
-0,01
-0,01
-0,015
-0,015
-0,02
-0,02
-0,025
-0,025
-0,03
-0,03
-0,03
-0,035
-0,035
-0,035
-0,035
-0,035
-0,035
-0,035
-0,03
-0,03
-0,03
-0,03
-0,03
-0,03
-0,03
-0,03
-0,03
-0,03
-0,03
-0,03
-0,03
-0,03
-0,03
-0,03
-0,03
-0,03
-0,03
-0,025
-0,025
-0,025
-0,02
-0,02
-0,02
-0,02
-0,02
-0,015
-0,015
-0,015
-0,015
-0,015
-0,015
-0,02
-0,02
-0,02
-0,02
-0,02
-0,025
-0,025
-0,03
-0,03
-0,035
-0,035
-0,035
-0,04
-0,04
-0,04
-0,04
-0,04
-0,045
-0,045
-0,045
-0,04
-0,04
-0,04
-0,04
-0,04
-0,04
-0,04
-0,04
-0,04
-0,04
-0,035
-0,035
-0,035
-0,035
-0,035
-0,035
-0,035
-0,035
-0,035
-0,035
-0,035
-0,035
-0,04
-0,04
-0,04
-0,04
-0,04
-0,045
-0,045
-0,045
-0,05
-0,05
-0,05
-0,05
-0,055
-0,055
-0,055
-0,055
-0,055
-0,055
-0,055
-0,06
-0,06
-0,06
-0,06
-0,06
-0,06
-0,06
-0,06
-0,06
-0,06
-0,055
-0,055
-0,055
-0,05
-0,05
-0,05
-0,05
-0,05
-0,05
-0,05
-0,05
-0,05
-0,05
-0,05
-0,05
-0,05
-0,045
-0,045
-0,045
-0,045
-0,045
-0,045
-0,045
-0,045
-0,045
-0,045
-0,045
-0,045
-0,045
-0,045
-0,045
-0,045
-0,045
-0,045
-0,04
-0,04
-0,04
-0,04
-0,04
-0,04
-0,045
-0,045
-0,045
-0,045
-0,045
-0,05
-0,05
-0,05
-0,05
-0,055
-0,055
-0,055
-0,055
-0,06
-0,06
-0,065
-0,065
-0,07
-0,07
-0,075
-0,075
-0,075
-0,075
-0,075
-0,075
-0,07
-0,07
-0,065
-0,065
-0,06
-0,06
-0,055
-0,055
-0,055
-0,05
-0,05
-0,05
-0,05
-0,045
-0,045
-0,045
-0,045
-0,045
-0,045
-0,04
-0,04
-0,04
-0,04
-0,04
-0,04
-0,035
-0,035
-0,035
-0,03
-0,03
-0,03
-0,03
-0,025
-0,025
-0,025
-0,025
-0,025
-0,025
-0,02
-0,02
-0,02
-0,02
-0,02
-0,02
-0,02
-0,02
-0,02
-0,02
-0,025
-0,025
-0,03
-0,03
-0,035
-0,035
-0,04
-0,045
-0,05
-0,05
-0,055
-0,055
-0,06
-0,06
-0,065
-0,065
-0,065
-0,065
-0,065
-0,07
-0,07
-0,07
-0,07
-0,07
-0,07
-0,07
-0,075
-0,075
-0,08
-0,08
-0,085
-0,09
-0,095
-0,095
-0,1
-0,105
-0,105
-0,11
-0,11
-0,115
-0,12
-0,12
-0,125
-0,125
-0,125
-0,13
-0,13
-0,13
-0,13
-0,125
-0,125
-0,125
-0,12
-0,12
-0,115
-0,11
-0,11
-0,105
-0,105
-0,105
-0,1
-0,1
-0,1
-0,095
-0,095
-0,095
-0,095
-0,095
-0,095
-0,095
-0,095
-0,095
-0,095
-0,095
-0,1
-0,1
-0,1
-0,1
-0,1
-0,1
-0,1
-0,1
-0,1
-0,1
-0,1
-0,1
-0,1
-0,1
-0,1
-0,1
-0,1
-0,105
-0,105
-0,105
-0,105
-0,105
-0,11
-0,11
-0,11
-0,11
-0,11
-0,11
-0,11
-0,11
-0,11
-0,11
-0,11
-0,105
-0,105
-0,105
-0,105
-0,1
-0,1
-0,1
-0,1
-0,1
-0,1
-0,1
-0,1
-0,1
-0,1
-0,1
-0,105
-0,105
-0,105
-0,105
-0,105
-0,11
-0,11
-0,11
-0,11
-0,11
-0,11
-0,11
-0,11
-0,11
-0,105
-0,105
-0,105
-0,1
-0,1
-0,1
-0,1
-0,1
-0,1
-0,1
-0,1
-0,1
-0,1
-0,105
-0,105
-0,11
-0,115
-0,12
-0,13
-0,135
-0,145
-0,155
-0,165
-0,175
-0,18
-0,19
-0,2
-0,21
-0,215
-0,22
-0,225
-0,23
-0,235
-0,235
-0,235
-0,235
-0,23
-0,22
-0,21
-0,195
-0,18
-0,16
-0,135
-0,105
-0,07
-0,03
0,01
0,065
0,12
0,18
0,25
0,32
0,4
0,48
0,57
0,66
0,755
0,85
0,945
1,035
1,125
1,215
1,295
1,375
1,45
1,515
1,58
1,63
1,675
1,715
1,74
1,755
1,76
1,76
1,745
1,725
1,7
1,67
1,63
1,585
1,53
1,475
1,41
1,34
1,26
1,18
1,095
1,005
0,91
0,81
0,715
0,62
0,525
0,43
0,345
0,265
0,195
0,125
0,07
0,015
-0,03
-0,07
-0,1
-0,13
-0,155
-0,175
-0,19
-0,2
-0,21
-0,22
-0,225
-0,23
-0,23
-0,235
-0,235
-0,235
-0,235
-0,235
-0,235
-0,23
-0,225
-0,225
-0,22
-0,22
-0,22
-0,215
-0,215
-0,215
-0,21
-0,21
-0,205
-0,205
-0,2
-0,195
-0,19
-0,19
-0,185
-0,185
-0,18
-0,18
-0,175
-0,175
-0,175
-0,175
-0,18
-0,18
-0,185
-0,185
-0,185
-0,19
-0,19
-0,195
-0,195
-0,195
-0,195
-0,195
-0,195
-0,195
-0,195
-0,19
-0,19
-0,185
-0,18
-0,18
-0,175
-0,17
-0,165
-0,165
-0,16
-0,155
-0,15
-0,145
-0,14
-0,135
-0,13
-0,125
-0,12
-0,115
-0,11
-0,105
-0,1
-0,095
-0,095
-0,09
-0,085
-0,085
-0,08
-0,08
-0,075
-0,075
-0,075
-0,075
-0,075
-0,075
-0,075
-0,075
-0,075
-0,075
-0,07
-0,07
-0,07
-0,07
-0,07
-0,07
-0,07
-0,07
-0,07
-0,07
-0,07
-0,07
-0,07
-0,07
-0,07
-0,075
-0,075
-0,075
-0,075
-0,075
-0,075
-0,075
-0,075
-0,075
-0,075
-0,075
-0,075
-0,075
-0,075
-0,075
-0,075
-0,075
-0,075
-0,075
-0,08
-0,08
-0,08
-0,08
-0,08
-0,08
-0,08
-0,08
-0,08
-0,08
-0,08
-0,08
-0,08
-0,08
-0,08
-0,08
-0,075
-0,075
-0,075
-0,075
-0,075
-0,07
-0,07
-0,07
-0,07
-0,07
-0,07
-0,075
-0,075
-0,075
-0,075
-0,075
-0,075
-0,075
-0,075
-0,075
-0,075
-0,075
-0,075
-0,075
-0,075
-0,075
-0,075
-0,075
-0,08
-0,08
-0,08
-0,08
-0,085
-0,085
-0,085
-0,085
-0,085
-0,085
-0,085
-0,085
-0,085
-0,085
-0,085
-0,085
-0,085
-0,085
-0,085
-0,085
-0,085
-0,085
-0,08
-0,08
-0,08
-0,075
-0,075
-0,07
-0,065
-0,065
-0,065
-0,06
-0,06
-0,06
-0,055
-0,055
-0,055
-0,055
-0,05
-0,05
-0,05
-0,05
-0,05
-0,045
-0,045
-0,045
-0,045
-0,045
-0,045
-0,045
-0,045
-0,045
-0,045
-0,045
-0,045
-0,045
-0,045
-0,045
-0,045
-0,045
-0,045
-0,045
-0,045
-0,045
-0,045
-0,045
-0,045
-0,045
-0,045
-0,04
-0,04
-0,04
-0,045
-0,045
-0,045
-0,045
-0,045
-0,045
-0,045
-0,05
-0,05
-0,05
-0,055
-0,055
-0,055
-0,055
-0,055
-0,055
-0,055
-0,055
-0,055
-0,055
-0,055
-0,05
-0,05
-0,045
-0,04
-0,04
-0,035
-0,03
-0,03
-0,025
-0,02
-0,02
-0,015
-0,01
-0,01
-0,005
-0,005
0
0
0
0
0
0,005
0,005
0,005
0,005
0
0
0
0
0
0
-0,005
-0,005
-0,01
-0,01
-0,01
-0,01
-0,015
-0,015
-0,015
-0,02
-0,02
-0,025
-0,025
-0,025
-0,03
-0,03
-0,03
-0,035
-0,035
-0,035
-0,035
-0,035
-0,035
-0,035
-0,035
-0,03
-0,03
-0,03
-0,025
-0,025
-0,02
-0,02
-0,015
-0,015
-0,01
-0,01
-0,01
-0,005
-0,005
-0,005
0
0
0
0
0
0
0
0
0
0
0
0
0
0
0
0
0
0
0
0,005
0,005
0,005
0,01
0,01
0,01
0,015
0,015
0,02
0,02
0,025
0,025
0,03
0,03
0,03
0,035
0,035
0,035
0,04
0,04
0,04
0,04
0,04
0,035
0,035
0,035
0,035
0,03
0,03
0,03
0,03
0,03
0,03
0,035
0,035
0,035
0,035
0,035
0,035
0,035
0,03
0,03
0,025
0,025
0,02
0,02
0,015
0,01
0,01
0,01
0,005
0,005
0,005
0,005
0
0
0
0,005
0,005
0,005
0,005
0,005
0,005
0,01
0,01
0,01
0,01
0,015
0,015
0,015
0,015
0,015
0,015
0,015
0,015
0,015
0,015
0,015
0,015
0,015
0,015
0,015
0,02
0,02
0,02
0,02
0,02
0,02
0,02
0,015
0,015
0,015
0,01
0,01
0,01
0,01
0,01
0,005
0,005
0,005
0,005
0
0
0
0
-0,005
-0,005
-0,005
-0,005
-0,01
-0,01
-0,01
-0,01
-0,01
-0,01
-0,01
-0,01
-0,01
-0,01
-0,01
-0,015
-0,015
-0,015
-0,015
-0,015
-0,02
-0,02
-0,02
-0,02
-0,02
-0,02
-0,02
-0,02
-0,015
-0,015
-0,015
-0,01
-0,01
-0,01
-0,01
-0,01
-0,01
-0,015
-0,015
-0,02
-0,025
-0,025
-0,03
-0,03
-0,035
-0,035
-0,04
-0,04
-0,04
-0,045
-0,045
-0,045
-0,045
-0,045
-0,04
-0,04
-0,04
-0,04
-0,04
-0,035
-0,035
-0,035
-0,035
-0,035
-0,035
-0,035
-0,035
-0,035
-0,035
-0,035
-0,035
-0,035
-0,035
-0,035
-0,04
-0,04
-0,04
-0,04
-0,04
-0,045
-0,045
-0,045
-0,05
-0,05
-0,055
-0,055
-0,055
-0,055
-0,055
-0,055
-0,055
-0,055
-0,055
-0,055
-0,055
-0,055
-0,055
-0,055
-0,055
-0,055
-0,055
-0,055
-0,05
-0,05
-0,045
-0,045
-0,045
-0,045
-0,045
-0,045
-0,045
-0,045
-0,045
-0,045
-0,045
-0,045
-0,045
-0,045
-0,045
-0,045
-0,045
-0,045
-0,045
-0,045
-0,04
-0,04
-0,04
-0,035
-0,035
-0,03
-0,03
-0,03
-0,025
-0,025
-0,03
-0,03
-0,03
-0,03
-0,03
-0,03
-0,03
-0,03
-0,03
-0,035
-0,035
-0,04
-0,045
-0,045
-0,05
-0,055
-0,055
-0,055
-0,06
-0,06
-0,055
-0,055
-0,055
-0,05
-0,045
-0,045
-0,04
-0,04
-0,035
-0,035
-0,03
-0,03
-0,03
-0,03
-0,03
-0,03
-0,03
-0,03
-0,035
-0,035
-0,04
-0,04
-0,045
-0,05
-0,05
-0,055
-0,055
-0,055
-0,06
-0,06
-0,06
-0,06
-0,06
-0,06
-0,055
-0,055
-0,055
-0,05
-0,05
-0,05
-0,05
-0,05
-0,05
-0,05
-0,05
-0,045
-0,045
-0,045
-0,045
-0,045
-0,045
-0,05
-0,05
-0,05
-0,055
-0,055
-0,06
-0,06
-0,06
-0,06
-0,06
-0,06
-0,06
-0,055
-0,05
-0,05
-0,045
-0,045
-0,04
-0,035
-0,035
-0,03
-0,03
-0,025
-0,02
-0,02
-0,015
-0,015
-0,01
-0,01
-0,01
-0,005
-0,005
-0,005
-0,005
-0,005
-0,005
-0,005
-0,01
-0,01
-0,015
-0,015
-0,02
-0,025
-0,03
-0,035
-0,04
-0,045
-0,05
-0,055
-0,055
-0,06
-0,065
-0,065
-0,065
-0,065
-0,07
-0,07
-0,07
-0,065
-0,065
-0,065
-0,065
-0,065
-0,065
-0,065
-0,065
-0,065
-0,065
-0,065
-0,065
-0,065
-0,065
-0,065
-0,065
-0,065
-0,065
-0,07
-0,07
-0,07
-0,075
-0,075
-0,08
-0,08
-0,08
-0,08
-0,085
-0,085
-0,085
-0,09
-0,095
-0,095
-0,1
-0,105
-0,105
-0,105
-0,105
-0,105
-0,105
-0,105
-0,105
-0,1
-0,1
-0,1
-0,095
-0,095
-0,095
-0,095
-0,095
-0,09
-0,09
-0,09
-0,09
-0,09
-0,09
-0,085
-0,085
-0,085
-0,085
-0,085
-0,085
-0,085
-0,085
-0,085
-0,085
-0,085
-0,085
-0,085
-0,085
-0,085
-0,085
-0,085
-0,085
-0,085
-0,085
-0,08
-0,08
-0,08
-0,08
-0,08
-0,075
-0,075
-0,075
-0,07
-0,07
-0,07
-0,07
-0,07
-0,065
-0,065
-0,065
-0,07
-0,07
-0,07
-0,07
-0,075
-0,075
-0,08
-0,08
-0,085
-0,085
-0,09
-0,09
-0,09
-0,09
-0,09
-0,09
-0,09
-0,09
-0,085
-0,085
-0,085
-0,085
-0,08
-0,08
-0,075
-0,075
-0,07
-0,065
-0,065
-0,06
-0,06
-0,055
-0,055
-0,055
-0,055
-0,055
-0,055
-0,055
-0,055
-0,06
-0,06
-0,065
-0,065
-0,07
-0,07
-0,075
-0,08
-0,085
-0,09
-0,095
-0,1
-0,11
-0,12
-0,125
-0,135
-0,145
-0,15
-0,16
-0,165
-0,17
-0,175
-0,18
-0,185
-0,185
-0,185
-0,185
-0,18
-0,175
-0,165
-0,155
-0,14
-0,125
-0,105
-0,08
-0,05
-0,015
0,02
0,07
0,12
0,175
0,24
0,305
0,375
0,455
0,535
0,62
0,705
0,79
0,88
0,965
1,05
1,13
1,205
1,28
1,345
1,41
1,465
1,515
1,56
1,595
1,625
1,645
1,655
1,655
1,65
1,635
1,615
1,59
1,555
1,52
1,475
1,425
1,37
1,31
1,245
1,18
1,105
1,03
0,95
0,87
0,785
0,7
0,62
0,535
0,455
0,38
0,31
0,245
0,185
0,135
0,085
0,045
0,01
-0,02
-0,045
-0,065
-0,085
-0,1
-0,11
-0,12
-0,125
-0,13
-0,135
-0,14
-0,14
-0,14
-0,14
-0,14
-0,14
-0,135
-0,135
-0,13
-0,125
-0,12
-0,12
-0,115
-0,115
-0,11
-0,11
-0,105
-0,105
-0,1
-0,1
-0,095
-0,095
-0,09
-0,09
-0,09
-0,09
-0,09
-0,09
-0,09
-0,09
-0,095
-0,095
-0,1
-0,105
-0,11
-0,115
-0,12
-0,125
-0,13
-0,135
-0,14
-0,14
-0,145
-0,145
-0,145
-0,145
-0,14
-0,14
-0,135
-0,13
-0,13
-0,125
-0,125
-0,12
-0,12
-0,12
-0,115
-0,115
-0,11
-0,11
-0,105
-0,105
-0,1
-0,1
-0,095
-0,09
-0,085
-0,085
-0,08
-0,075
-0,075
-0,07
-0,07
-0,065
-0,06
-0,06
-0,055
-0,055
-0,05
-0,05
-0,05
-0,05
-0,045
-0,045
-0,05
-0,05
-0,05
-0,05
-0,045
-0,045
-0,045
-0,045
-0,045
-0,04
-0,04
-0,04
-0,04
-0,04
-0,04
-0,04
-0,04
-0,04
-0,045
-0,045
-0,045
-0,05
-0,05
-0,05
-0,055
-0,055
-0,055
-0,06
-0,06
-0,06
-0,06
-0,06
-0,065
-0,065
-0,065
-0,065
-0,06
-0,06
-0,06
-0,06
-0,06
-0,06
-0,06
-0,065
-0,065
-0,065
-0,065
-0,065
-0,065
-0,065
-0,065
-0,065
-0,07
-0,065
-0,065
-0,065
-0,065
-0,065
-0,07
-0,07
-0,07
-0,07
-0,07
-0,075
-0,075
-0,075
-0,08
-0,08
-0,085
-0,085
-0,09
-0,09
-0,095
-0,095
-0,1
-0,1
-0,105
-0,105
-0,11
-0,11
-0,115
-0,12
-0,12
-0,12
-0,125
-0,125
-0,12
-0,12
-0,12
-0,12
-0,12
-0,125
-0,125
-0,125
-0,125
-0,125
-0,125
-0,13
-0,13
-0,13
-0,125
-0,125
-0,125
-0,125
-0,12
-0,12
-0,12
-0,115
-0,115
-0,115
-0,115
-0,11
-0,11
-0,11
-0,11
-0,11
-0,11
-0,11
-0,11
-0,11
-0,11
-0,11
-0,11
-0,11
-0,11
-0,115
-0,115
-0,115
-0,115
-0,12
-0,12
-0,12
-0,12
-0,12
-0,12
-0,12
-0,12
-0,12
-0,12
-0,12
-0,12
-0,12
-0,12
-0,12
-0,12
-0,12
-0,115
-0,115
-0,115
-0,115
-0,115
-0,12
-0,12
-0,12
-0,12
-0,125
-0,125
-0,13
-0,13
-0,13
-0,135
-0,135
-0,14
-0,14
-0,145
-0,145
-0,145
-0,15
-0,15
-0,15
-0,15
-0,15
-0,15
-0,15
-0,15
-0,145
-0,145
-0,14
-0,135
-0,135
-0,13
-0,13
-0,125
-0,12
-0,12
-0,115
-0,115
-0,11
-0,11
-0,105
-0,105
-0,1
-0,1
-0,095
-0,095
-0,095
-0,09
-0,09
-0,09
-0,085
-0,085
-0,085
-0,085
-0,085
-0,085
-0,085
-0,09
-0,09
-0,09
-0,09
-0,095
-0,095
-0,095
-0,095
-0,095
-0,095
-0,095
-0,095
-0,09
-0,09
-0,09
-0,085
-0,085
-0,085
-0,085
-0,085
-0,08
-0,08
-0,08
-0,075
-0,075
-0,075
-0,07
-0,07
-0,07
-0,065
-0,065
-0,065
-0,06
-0,06
-0,06
-0,055
-0,055
-0,055
-0,055
-0,05
-0,05
-0,045
-0,045
-0,045
-0,04
-0,04
-0,04
-0,04
-0,035
-0,035
-0,035
-0,035
-0,03
-0,03
-0,03
-0,025
-0,025
-0,025
-0,02
-0,02
-0,015
-0,015
-0,01
-0,01
-0,005
-0,005
-0,005
0
0
0
0
0,005
0,005
0,01
0,01
0,015
0,015
0,02
0,02
0,025
0,025
0,03
0,03
0,03
0,03
0,035
0,035
0,035
0,04
0,04
0,04
0,04
0,04
0,04
0,04
0,035
0,035
0,035
0,035
0,035
0,035
0,035
0,035
0,035
0,04
0,04
0,04
0,045
0,045
0,045
0,05
0,05
0,055
0,055
0,06
0,06
0,06
0,06
0,06
0,06
0,055
0,055
0,055
0,055
0,055
0,05
0,05
0,05
0,05
0,05
0,045
0,045
0,045
0,045
0,04
0,04
0,04
0,035
0,035
0,03
0,03
0,03
0,025
0,025
0,02
0,02
0,015
0,015
0,01
0,005
0,005
0,005
0
0
0
0
0
0
0
0
0,005
0,005
0,01
0,01
0,01
0,01
0,015
0,015
0,015
0,02
0,015
0,015
0,015
0,015
0,01
0,01
0,005
0,005
0
0
0
-0,005
-0,005
-0,005
-0,005
-0,01
-0,01
-0,01
-0,01
-0,01
-0,01
-0,01
-0,01
-0,01
-0,01
-0,01
-0,015
-0,015
-0,015
-0,015
-0,015
-0,015
-0,015
-0,015
-0,015
-0,015
-0,015
-0,015
-0,015
-0,015
-0,015
-0,015
-0,015
-0,01
-0,01
-0,01
-0,01
-0,01
-0,01
-0,01
-0,015
-0,015
-0,02
-0,025
-0,03
-0,03
-0,035
-0,04
-0,04
-0,045
-0,045
-0,045
-0,045
-0,045
-0,045
-0,045
-0,045
-0,045
-0,045
-0,04
-0,04
-0,04
-0,04
-0,04
-0,035
-0,035
-0,035
-0,035
-0,03
-0,03
-0,03
-0,035
-0,035
-0,035
-0,04
-0,04
-0,04
-0,045
-0,045
-0,045
-0,045
-0,05
-0,05
-0,05
-0,055
-0,055
-0,055
-0,055
-0,055
-0,055
-0,055
-0,05
-0,05
-0,045
-0,045
-0,045
-0,04
-0,04
-0,04
-0,035
-0,035
-0,03
-0,03
-0,025
-0,025
-0,025
-0,025
-0,025
-0,025
-0,025
-0,025
-0,025
-0,03
-0,03
-0,03
-0,03
-0,03
-0,035
-0,035
-0,035
-0,04
-0,04
-0,04
-0,04
-0,045
-0,045
-0,045
-0,045
-0,05
-0,05
-0,05
-0,05
-0,05
-0,05
-0,05
-0,045
-0,045
-0,045
-0,045
-0,045
-0,045
-0,045
-0,045
-0,045
-0,045
-0,045
-0,045
-0,045
-0,045
-0,045
-0,045
-0,045
-0,045
-0,045
-0,05
-0,05
-0,05
-0,045
-0,045
-0,045
-0,045
-0,045
-0,045
-0,045
-0,045
-0,045
-0,045
-0,045
-0,04
-0,04
-0,04
-0,04
-0,04
-0,04
-0,04
-0,04
-0,045
-0,045
-0,045
-0,045
-0,045
-0,045
-0,045
-0,045
-0,045
-0,045
-0,04
-0,04
-0,04
-0,04
-0,035
-0,035
-0,035
-0,035
-0,03
-0,03
-0,03
-0,03
-0,03
-0,03
-0,03
-0,03
-0,025
-0,025
-0,025
-0,025
-0,02
-0,02
-0,025
-0,025
-0,025
-0,025
-0,025
-0,025
-0,025
-0,03
-0,03
-0,035
-0,035
-0,04
-0,045
-0,045
-0,05
-0,05
-0,055
-0,06
-0,065
-0,065
-0,07
-0,075
-0,075
-0,08
-0,085
-0,085
-0,09
-0,09
-0,09
-0,09
-0,09
-0,09
-0,09
-0,09
-0,085
-0,085
-0,085
-0,085
-0,085
-0,085
-0,085
-0,085
-0,085
-0,09
-0,09
-0,09
-0,09
-0,09
-0,09
-0,095
-0,095
-0,095
-0,095
-0,1
-0,1
-0,105
-0,105
-0,105
-0,11
-0,11
-0,11
-0,11
-0,11
-0,115
-0,115
-0,115
-0,115
-0,115
-0,115
-0,11
-0,11
-0,11
-0,11
-0,11
-0,11
-0,11
-0,11
-0,11
-0,11
-0,105
-0,105
-0,105
-0,105
-0,105
-0,1
-0,1
-0,1
-0,1
-0,1
-0,1
-0,1
-0,105
-0,105
-0,105
-0,105
-0,105
-0,11
-0,11
-0,11
-0,11
-0,115
-0,115
-0,115
-0,115
-0,115
-0,12
-0,115
-0,115
-0,115
-0,115
-0,115
-0,115
-0,115
-0,115
-0,115
-0,11
-0,11
-0,11
-0,11
-0,11
-0,105
-0,105
-0,105
-0,105
-0,105
-0,1
-0,1
-0,1
-0,095
-0,095
-0,095
-0,095
-0,095
-0,095
-0,095
-0,095
-0,095
-0,09
-0,09
-0,085
-0,085
-0,08
-0,08
-0,08
-0,075
-0,075
-0,075
-0,075
-0,075
-0,075
-0,075
-0,075
-0,075
-0,075
-0,07
-0,07
-0,07
-0,07
-0,07
-0,075
-0,075
-0,08
-0,085
-0,09
-0,095
-0,105
-0,11
-0,12
-0,125
-0,135
-0,145
-0,15
