128
392
671
946
1219
1484
1754
2023
2289
2553
2840
3104
3368
3644
3910
4186
4451
4726
5002
5279
5606
5809
6095
6370
6646
6915
7201
7478
7741
8020
8293
8582
8847
9121
9399
9674
9939
10214
10480
10804
11031
11297
11574
11847
12122
12390
12662
12939
13219
13499
13794
14060
14324
14610
14885
15154
15428
15701
15978
16246
16522
16796
17061
17349
17625
17901
18188
18467
18741
19022
19295
19584
19859
20134
20423
20702
20975
21252
21538
21815
22094
22369
22658
22935
23208
23485
23763
24040
24315
24590
24877
25154
25422
25705
25984
26260
26532
26810
27087
27362
27640
27977
28193
28465
28733
29011
29285
29560
29825
30100
30376
30653
30919
31206
31479
31759
32023
32358
32575
32886
33115
33403
33681
33951
34232
34507
34789
35084
35290
35638
35914
36106
36466
36729
37006
37281
37548
37834
38110
38375
38652
38927
39205
39479
39755
40034
40318
40595
40863
41149
41427
41703
41978
42260
42533
42806
43080
43359
43635
43912
44187
44475
44752
45016
45294
45569
45855
46178
46408
46696
47021
47248
47524
47801
48089
48365
48641
48918
49204
49470
49735
50010
50287
50551
50827
51107
51389
51645
51922
52195
52476
52759
53023
53311
53594
53807
54132
54395
54671
54946
55211
55487
55764
56030
-1
56579
56880
57073
57397
57672
57938
58202
58472
58741
59007
59330
59545
59822
60084
60351
60674
60889
61178
61442
61705
61985
62258
62523
62787
63052
63335
63593
63867
64143
64411
64685
65006
65214
65510
65776
66100
66318
66593
66858
67131
67398
67685
67945
68216
68491
68767
69029
69306
69573
69859
70172
70387
70665
70942
71211
71478
71744
72022
72296
72560
72836
73103
73366
73641
73906
74173
74447
74754
74915
75263
75516
75839
76057
76323
76586
76861
77127
77401
77671
77941
78204
78470
78745
79010
79274
79550
79817
80078
80344
80609
80884
81148
81410
81689
81953
82220
82487
82755
83024
83296
83560
83837
84103
84365
84630
84895
85170
85433
85699
85976
86240
86512
86779
87055
87320
87596
87861
88146
88415
88677
88951
89217
89494
89770
90043
90321
90645
90861
91147
91413
91694
91966
92240
92518
92793
93105
93325
93599
93863
94140
94438
94692
-1
95219
95528
95701
96048
96253
96589
96853
97129
97380
97657
97911
98186
98452
98724
98991
99267
99531
99811
100082
100362
100648
100924
101210
101487
101764
102039
102316
102593
102868
103148
103433
103709
103976
104284
104478
104814
105078
105384
105570
105894
106147
106410
106673
106939
107203
107470
107743
108004
108295
108583
108850
109138
109424
109700
109978
110264
110533
110817
111092
111358
111637
111918
112198
112474
112748
113026
113294
113569
113843
114119
114394
114659
114923
115199
115464
115751
116018
116292
116579
116845
117113
117397
117660
117925
118202
118466
118733
119000
119269
119544
119799
120065
120337
120603
120870
121142
121408
121683
121948
122223
122488
122752
123028
123293
123557
123833
124096
124359
124627
124897
125166
125441
125717
-1
126247
126510
126785
127050
127314
127580
127853
128118
128383
128719
128933
129200
129534
129742
130027
130291
130566
130831
131109
131384
131660
131925
132177
132476
132741
133006
133331
133548
133821
134106
134409
134639
134854
135179
135454
135718
135984
136260
136534
136797
137064
137341
137604
137890
138143
138420
138695
138959
139223
139487
139753
140016
140291
140555
140832
141037
141372
141625
141901
142177
142441
142716
142993
143258
143535
143809
144074
144398
144616
144890
145155
145431
145694
145959
146222
146486
146753
147015
147292
147557
147819
148086
148348
148625
148914
149130
149452
149716
149982
150208
150557
150797
151060
151327
151612
151877
152141
152456
152694
152900
153224
153486
153764
153968
154289
154542
154805
155069
155334
155599
155875
156152
156430
156656
157117
157231
157505
157760
158036
158303
158613
158828
159092
159347
159621
159875
160189
160414
160672
160941
161206
161460
161733
161997
162251
162516
162781
163043
163307
163573
163896
164114
164377
164655
164941
-1
165455
165709
165972
166237
166550
166813
167016
167281
167535
167798
168003
168281
168600
168914
169168
169385
169659
169899
170165
170561
170693
170946
171218
171473
171727
172000
172254
172517
172791
173046
173333
-1
173862
174114
174377
174690
174906
175170
175423
175700
175965
176219
176503
176709
177030
177295
177549
177872
178088
178351
178631
178855
179155
179415
179673
179940
180204
180465
180731
180994
181270
-1
181801
182075
182337
182604
182878
183141
183432
183637
183972
184238
184526
184752
185104
185339
185606
185882
186152
186424
186697
186963
187227
187502
187767
188033
188306
188571
188836
189100
189375
189640
189903
190178
190457
190673
191033
191248
191512
191768
192030
192307
192570
192823
193099
193373
193625
193892
194155
194430
194695
194959
195234
195499
195778
195993
196303
196567
196831
197087
197361
197625
197888
198154
198418
198680
198956
199220
199497
-1
200027
200337
200547
200818
201084
201337
201610
201876
202140
202406
202681
202942
203222
203546
203786
203990
204325
204589
204865
205141
205420
-1
205970
206272
206499
206807
207076
207350
207627
207904
208178
208480
208696
209021
209294
209586
209777
210123
210389
210690
-1
211213
211481
211744
212020
212295
212540
212824
213088
213354
213572
213882
214147
214400
214652
214929
215193
215468
215683
216000
216250
216522
216777
217054
217317
217604
217822
218180
218434
218677
218806
219178
219453
219743
219948
220294
220582
220885
221088
221437
221709
221976
222180
222529
222862
223069
223344
223631
223909
224196
224482
224771
225061
225339
225637
225914
226199
226477
226755
227028
227304
227571
227834
228112
228379
228642
228913
229202
229420
229732
230007
230331
230554
230813
231078
231341
231628
231904
232169
232469
232673
233022
233286
233586
233816
234149
234423
234700
234988
235256
235543
235818
236107
236384
236682
236971
237246
237534
237812
238089
238374
238650
238927
239205
239433
239756
240021
240306
240572
240838
241126
241399
241668
241942
242218
242505
242795
-1
243470
243610
243878
244152
244429
244644
244969
245231
245499
245772
246000
246302
246575
246852
247128
247396
247670
247956
248232
248497
248788
248990
249327
249591
249878
250142
250420
250694
250971
251247
251535
251729
252208
252342
252616
252881
253148
253431
253698
253973
254248
254530
254803
255149
255370
255657
255942
256229
256516
256793
257072
257359
257636
257923
258201
258489
258764
259040
259318
259646
259833
260168
260433
260721
260998
261275
261479
261826
262090
262367
262642
262932
263136
263482
263758
264037
264265
264600
264864
265164
265429
265708
265992
266269
266558
266856
267146
267433
267722
268021
268299
268589
268885
269163
269498
269738
269997
270292
270579
270866
271142
271421
271709
271996
272284
272562
272850
273162
273354
273725
274000
274277
274554
274830
275119
275394
275672
275968
276308
276534
276871
277099
277389
277666
277951
278231
278517
278793
279070
279357
279634
279914
280198
280485
280750
281027
281303
281590
281866
282174
282349
282697
282949
283225
283500
283768
284041
284317
284583
284858
285168
285408
285685
285973
286239
286514
286803
287090
-1
287641
287909
288184
288461
288735
289023
289359
289578
289855
290142
290431
290715
290993
291281
291560
291835
292121
292445
292686
292963
293249
293532
293862
294102
294379
294667
294954
295232
295519
295798
296074
296361
296627
296913
297191
297467
297754
298077
298307
298594
298872
299049
299398
299691
299904
300252
300527
300803
301071
301356
301633
301919
302221
302426
302772
303049
303326
303612
303890
304168
304454
304729
305008
305284
305572
305859
306135
306424
306712
306988
307276
307564
307852
308129
308417
308693
308980
309258
309523
309811
310087
310362
310697
310925
311191
311468
311744
311999
312296
312571
312847
313112
313387
313653
313920
314195
314469
314735
315069
315286
315552
315828
316104
316391
316666
316943
317222
317497
317773
318058
318334
318612
318899
319175
319454
319733
320017
320293
320571
320905
321135
321412
321701
321987
322253
322529
322814
323092
323367
323643
323920
324186
324463
324748
325014
325299
325567
325841
326129
326394
326717
326938
327216
327498
327764
328039
328326
328603
328879
329157
329437
329756
330003
330273
330560
330837
331115
331401
331679
331954
332231
332518
332806
333072
333360
333633
333913
334189
334463
334741
335016
335291
335557
335832
336120
336387
336662
336950
337236
337515
337801
338078
338367
338645
338930
339206
339482
339759
340036
340312
340588
340865
341151
341428
341705
-1
342255
342655
342796
343061
343338
343601
343878
344106
344406
344671
344938
345210
345475
345741
346015
346292
346555
346822
347099
347371
347649
347925
348191
348464
348741
349016
349292
349568
349846
350122
350398
350674
350951
351216
351494
351768
352032
352308
352586
352788
353123
353376
353652
353916
354181
354457
354733
354998
355261
355539
355813
356078
356342
356618
356884
357146
357435
357653
357975
358215
358491
358768
359055
359320
359584
359842
360147
360399
360832
361205
361459
361736
361999
362286
362549
362818
363103
363378
363643
363910
364184
364461
364726
365047
365276
365540
365803
366070
366332
366610
366884
367149
367426
367702
367967
368241
368518
368782
369050
369323
369600
369864
370138
370403
370673
370954
371219
371483
371761
372168
372302
372578
372842
373129
373394
373657
373938
374223
374438
374751
375014
375289
375555
375819
376097
376361
376635
376912
377177
377467
377671
-1
378277
378545
378798
379072
379338
379612
379879
380148
380429
380695
380958
381247
381451
381787
382039
382314
382580
382844
383108
383383
383647
383913
384187
384454
384729
385017
385234
385557
385821
386097
386365
386629
386899
387167
387441
387707
387973
388235
388526
388788
388996
389341
389594
389880
390134
390409
390672
390948
391211
391584
391754
392019
392287
392574
392773
393102
393376
393653
393918
394192
394457
394732
395009
395274
395548
395814
396089
396363
396630
396907
397182
397447
397722
397998
398265
398556
-1
399081
399346
399620
399897
400160
400413
400678
400953
401217
401482
401747
402000
402286
402551
402817
403081
403354
403667
403906
404161
404448
404713
405002
-1
405554
405807
406093
406361
406646
406910
407198
407403
407729
408039
408279
408544
408809
409083
409348
409617
409900
410118
410429
410694
410959
411234
411510
411774
412065
412268
412603
412856
413132
413407
413672
413935
414201
414476
414740
415015
415280
415557
415832
416099
416373
416652
416925
417191
417477
417743
418008
418282
418557
418834
419098
419366
419653
-1
420191
420446
420720
420997
421261
421524
421792
422065
422330
422594
422859
423256
423396
423662
423938
424204
424477
424743
425021
425237
425561
425822
426089
426353
426616
426880
427146
427425
427687
427960
428237
428514
428788
429056
429340
429618
429896
430100
430600
430712
430987
431253
431527
431839
432069
432344
432609
432874
433159
433425
433703
433908
434243
434516
434781
435047
435311
435586
435850
436126
436390
436655
436944
-1
437483
437735
437999
438276
438540
438807
439080
439356
439610
439886
440150
440426
440691
440956
441232
441498
441758
442025
442287
442563
442837
443091
443367
443631
443895
444161
444413
444688
444954
445218
445491
445758
446031
446296
446552
446825
447090
447354
447607
447882
448147
448409
448676
448974
449213
449469
449734
450000
450282
450538
450800
451064
451331
451592
451849
452120
452384
452642
452901
453165
453563
453693
453971
454187
454499
454751
455016
455282
455546
455806
456061
456336
456590
456853
457106
457380
457647
-1
458175
458426
458700
458950
459230
459494
459758
460022
460277
-1
460830
461045
461345
461608
461872
462138
462400
462663
462953
463156
463479
463723
463986
464251
464514
464778
465042
465343
465573
-1
466099
466354
466617
466881
467155
467420
467684
467949
468213
468476
468740
468996
469258
469522
469786
470049
470304
470578
470853
471118
471373
471659
471922
472176
472453
472657
472979
473244
473498
473771
474036
474300
474566
474830
475105
475359
475634
475910
476175
476438
476704
476969
477244
477507
477782
478058
478325
478529
478864
479116
479392
479657
479921
-1
480463
480726
481000
481265
481531
-1
482083
482300
482612
482876
483141
483414
483679
483944
484220
484483
484760
485024
485290
485565
485842
486056
486381
486635
486909
487173
487451
487740
487883
490369
490619
490883
491162
491425
491691
491968
492192
492482
492746
493011
493298
493562
493815
494093
494367
494571
494906
495161
495435
495698
495953
496217
496483
496758
497033
497295
497584
497766
498112
498353
498631
498883
499158
499410
499686
499950
500205
-1
-1
503444
503684
503995
504214
504491
504758
505029
505295
505612
-1
506206
506411
506642
506916
507168
507445
507708
507983
508237
508511
508766
509029
509292
509556
509811
510014
510349
510626
510901
-1
511454
511660
512007
512259
512524
512789
513064
513327
513591
513858
514168
514397
514662
514939
515202
515468
515742
516004
516281
516546
516859
517051
517362
517616
517890
518154
518421
518694
518960
519247
519512
519775
520040
520305
520580
520831
521087
521349
521602
521866
522206
522326
522658
522946
523174
523413
523703
523966
524220
524472
524724
524988
525239
525493
525755
526019
526255
526525
526788
527055
527319
527570
527870
-1
528374
528627
528890
529152
529416
529662
529923
530186
530440
530692
530966
531219
531484
531747
532014
532277
532543
532803
533072
533331
533599
533864
534114
534367
534641
534905
535158
535424
535677
535951
536204
536468
536728
536995
537248
537513
537776
538041
538297
538556
538808
539073
539325
539576
539841
540107
540370
540646
540911
541198
541464
541738
542006
542231
542543
542783
543049
543324
543578
543851
544104
544367
544624
544894
545163
545429
545686
545940
546217
546469
546754
547008
547286
547549
547814
548067
548316
548601
548858
549134
549389
549661
549928
550192
550434
550686
551005
551247
551501
551778
552043
552316
552532
552788
553147
553397
553675
553951
554215
554475
554754
555031
555295
555555
555813
556097
556365
556615
556880
557134
557408
557649
557925
558177
558463
558684
558837
559162
559413
559682
559931
560180
560458
560712
560976
561228
561491
561755
562034
562295
562572
562836
563087
563365
563616
563868
564119
564421
564673
564940
565203
565478
565731
565991
566256
566524
566762
567206
567302
567545
567808
568083
568338
568590
568851
569141
569393
569658
569980
570197
570460
570737
571003
571279
571552
571794
572070
572335
572599
572863
573116
573392
573655
573909
574174
574412
574678
574975
575229
575504
575760
576011
576284
576523
576792
577056
577310
577558
577836
578087
578362
578616
578866
579145
579395
579665
579950
580223
580473
580742
581004
581270
581522
581788
582107
582322
582554
582831
583084
583369
583600
583840
584164
584402
584656
584917
585171
585437
585689
585941
586204
586474
586731
586988
587224
587492
587756
588000
588315
588536
588795
589065
589300
589568
589831
590095
590345
590612
590854
591105
591357
591609
591863
592112
592376
592618
592869
593133
593385
593614
593938
594130
594386
594640
594902
595163
595416
595668
595921
596183
596450
596711
596954
597235
597480
597733
597998
598259
598532
598788
599041
599292
599550
599811
600074
600314
600566
600842
601096
601355
601611
601877
602116
602368
602619
602888
603138
603376
603641
603908
604278
604422
604662
604926
605190
605453
605707
605982
606235
606489
606760
607013
607267
607521
607782
608047
608300
608550
608805
609067
609322
609585
609836
610100
610347
610628
610882
611135
611409
611665
611916
612189
612455
612682
612971
613223
613485
613751
614004
614270
614532
614784
615036
615288
615554
615816
616080
616322
616584
616848
617102
617352
617617
617881
618132
618393
618636
618890
619155
619396
619668
619911
620175
620439
620692
620945
621209
621470
621712
621961
622228
622492
622756
623009
623273
623536
623799
624064
624327
624592
624857
625074
625384
625626
625899
626142
626406
626657
626923
627185
627461
627724
627980
628230
628493
628758
629010
629277
629540
629792
630055
630307
630570
630824
631100
631350
631603
631880
632144
632395
632660
632912
633154
633405
633670
633943
634206
634447
634713
634965
635230
635494
635758
636023
636298
636550
636824
637079
637343
637595
637859
638123
638376
638639
638892
639155
639395
639670
639935
640174
640450
640717
640980
641233
641484
641764
642000
642271
642546
642807
643059
643331
643585
643846
644113
644379
644648
644905
645146
645411
645662
645927
646189
646431
646707
646959
647209
647465
647728
647983
648243
648508
648770
649035
649289
649552
649789
-1
