-0,005
-0,005
-0,005
-0,005
-0,005
-0,005
-0,005
-0,005
-0,005
-0,005
-0,005
0
0
0
0
0
-0,005
-0,005
-0,005
-0,005
-0,005
-0,01
-0,01
-0,01
-0,01
-0,015
-0,015
-0,015
-0,02
-0,02
-0,02
-0,025
-0,025
-0,03
-0,03
-0,035
-0,035
-0,035
-0,035
-0,035
-0,035
-0,035
-0,03
-0,03
-0,03
-0,03
-0,03
-0,03
-0,035
-0,035
-0,035
-0,03
-0,03
-0,03
-0,025
-0,025
-0,025
-0,025
-0,025
-0,025
-0,025
-0,03
-0,03
-0,03
-0,03
-0,03
-0,03
-0,03
-0,035
-0,035
-0,035
-0,035
-0,035
-0,035
-0,035
-0,035
-0,035
-0,035
-0,035
-0,04
-0,04
-0,04
-0,04
-0,045
-0,045
-0,045
-0,045
-0,045
-0,045
-0,045
-0,05
-0,05
-0,05
-0,05
-0,05
-0,05
-0,05
-0,05
-0,05
-0,05
-0,05
-0,05
-0,05
-0,05
-0,05
-0,05
-0,05
-0,05
-0,05
-0,05
-0,055
-0,055
-0,055
-0,055
-0,055
-0,055
-0,055
-0,055
-0,055
-0,055
-0,05
-0,05
-0,05
-0,05
-0,05
-0,05
-0,05
-0,055
-0,055
-0,055
-0,055
-0,055
-0,055
-0,055
-0,055
-0,055
-0,055
-0,06
-0,06
-0,06
-0,06
-0,06
-0,06
-0,06
-0,065
-0,065
-0,065
-0,065
-0,065
-0,065
-0,065
-0,065
-0,065
-0,065
-0,065
-0,065
-0,065
-0,065
-0,065
-0,065
-0,065
-0,065
-0,06
-0,06
-0,06
-0,06
-0,06
-0,06
-0,06
-0,06
-0,065
-0,065
-0,065
-0,065
-0,065
-0,065
-0,065
-0,065
-0,065
-0,065
-0,065
-0,065
-0,065
-0,065
-0,065
-0,065
-0,07
-0,07
-0,07
-0,07
-0,07
-0,07
-0,07
-0,07
-0,07
-0,07
-0,065
-0,065
-0,065
-0,065
-0,065
-0,065
-0,065
-0,06
-0,06
-0,055
-0,055
-0,05
-0,045
-0,045
-0,04
-0,035
-0,035
-0,03
-0,03
-0,03
-0,025
-0,03
-0,03
-0,03
-0,03
-0,035
-0,035
-0,04
-0,04
-0,045
-0,045
-0,045
-0,05
-0,05
-0,055
-0,055
-0,055
-0,055
-0,06
-0,06
-0,06
-0,06
-0,065
-0,065
-0,065
-0,065
-0,065
-0,065
-0,07
-0,07
-0,07
-0,075
-0,075
-0,075
-0,08
-0,08
-0,08
-0,08
-0,085
-0,085
-0,085
-0,085
-0,085
-0,085
-0,09
-0,09
-0,09
-0,09
-0,09
-0,09
-0,095
-0,095
-0,095
-0,095
-0,1
-0,1
-0,1
-0,105
-0,105
-0,105
-0,11
-0,11
-0,11
-0,11
-0,115
-0,115
-0,115
-0,115
-0,12
-0,12
-0,12
-0,12
-0,12
-0,12
-0,12
-0,12
-0,12
-0,12
-0,12
-0,115
-0,115
-0,115
-0,115
-0,115
-0,115
-0,115
-0,115
-0,115
-0,115
-0,115
-0,115
-0,115
-0,11
-0,11
-0,11
-0,11
-0,11
-0,11
-0,11
-0,105
-0,105
-0,105
-0,105
-0,1
-0,1
-0,1
-0,1
-0,1
-0,1
-0,1
-0,1
-0,1
-0,1
-0,1
-0,1
-0,1
-0,1
-0,105
-0,105
-0,105
-0,105
-0,105
-0,11
-0,11
-0,11
-0,115
-0,115
-0,115
-0,12
-0,12
-0,12
-0,12
-0,12
-0,125
-0,125
-0,125
-0,12
-0,12
-0,12
-0,12
-0,12
-0,12
-0,115
-0,115
-0,11
-0,11
-0,11
-0,105
-0,105
-0,105
-0,105
-0,105
-0,1
-0,1
-0,1
-0,1
-0,105
-0,105
-0,105
-0,105
-0,105
-0,105
-0,11
-0,11
-0,11
-0,115
-0,115
-0,115
-0,115
-0,12
-0,12
-0,12
-0,12
-0,12
-0,12
-0,12
-0,125
-0,125
-0,125
-0,12
-0,12
-0,12
-0,12
-0,12
-0,115
-0,11
-0,11
-0,105
-0,1
-0,095
-0,085
-0,08
-0,07
-0,055
-0,04
-0,025
-0,005
0,015
0,04
0,07
0,1
0,14
0,185
0,235
0,285
0,345
0,41
0,48
0,55
0,62
0,695
0,775
0,85
0,925
0,995
1,065
1,135
1,2
1,26
1,315
1,365
1,405
1,44
1,465
1,48
1,49
1,49
1,48
1,47
1,45
1,425
1,395
1,36
1,32
1,275
1,22
1,165
1,105
1,035
0,965
0,895
0,82
0,74
0,665
0,585
0,51
0,435
0,37
0,3
0,24
0,185
0,135
0,085
0,045
0,005
-0,03
-0,06
-0,085
-0,11
-0,13
-0,15
-0,165
-0,175
-0,185
-0,19
-0,195
-0,2
-0,205
-0,21
-0,21
-0,215
-0,215
-0,22
-0,22
-0,22
-0,225
-0,225
-0,23
-0,23
-0,23
-0,23
-0,235
-0,235
-0,235
-0,235
-0,24
-0,24
-0,24
-0,24
-0,24
-0,24
-0,245
-0,245
-0,25
-0,25
-0,255
-0,26
-0,26
-0,26
-0,265
-0,265
-0,27
-0,27
-0,27
-0,265
-0,265
-0,26
-0,26
-0,255
-0,25
-0,24
-0,235
-0,23
-0,22
-0,215
-0,21
-0,205
-0,2
-0,195
-0,19
-0,185
-0,175
-0,175
-0,165
-0,165
-0,16
-0,155
-0,15
-0,145
-0,145
-0,14
-0,135
-0,135
-0,13
-0,13
-0,125
-0,12
-0,12
-0,12
-0,115
-0,115
-0,11
-0,11
-0,11
-0,11
-0,11
-0,105
-0,105
-0,105
-0,105
-0,105
-0,1
-0,1
-0,1
-0,1
-0,095
-0,095
-0,095
-0,095
-0,095
-0,09
-0,09
-0,09
-0,09
-0,09
-0,085
-0,085
-0,085
-0,085
-0,085
-0,08
-0,08
-0,08
-0,08
-0,08
-0,08
-0,075
-0,075
-0,075
-0,075
-0,075
-0,08
-0,08
-0,08
-0,08
-0,08
-0,08
-0,08
-0,08
-0,08
-0,08
-0,08
-0,08
-0,08
-0,08
-0,08
-0,08
-0,075
-0,075
-0,075
-0,07
-0,07
-0,065
-0,065
-0,06
-0,06
-0,055
-0,055
-0,055
-0,05
-0,05
-0,05
-0,045
-0,045
-0,045
-0,045
-0,045
-0,045
-0,045
-0,04
-0,04
-0,04
-0,04
-0,04
-0,04
-0,04
-0,04
-0,04
-0,04
-0,04
-0,04
-0,035
-0,035
-0,035
-0,03
-0,03
-0,03
-0,03
-0,025
-0,025
-0,02
-0,02
-0,015
-0,015
-0,01
-0,01
-0,005
0
0
0,005
0,005
0,01
0,015
0,015
0,02
0,025
0,025
0,03
0,03
0,035
0,04
0,04
0,045
0,045
0,045
0,05
0,05
0,055
0,055
0,055
0,06
0,06
0,06
0,065
0,065
0,065
0,065
0,065
0,07
0,07
0,07
0,075
0,075
0,075
0,075
0,075
0,075
0,075
0,075
0,075
0,075
0,075
0,075
0,07
0,07
0,07
0,07
0,07
0,07
0,07
0,07
0,07
0,07
0,075
0,075
0,075
0,075
0,075
0,08
0,08
0,08
0,08
0,08
0,085
0,085
0,085
0,09
0,09
0,09
0,09
0,09
0,09
0,09
0,085
0,085
0,085
0,08
0,08
0,075
0,075
0,075
0,07
0,07
0,065
0,065
0,065
0,065
0,065
0,065
0,065
0,065
0,06
0,06
0,06
0,06
0,06
0,055
0,055
0,055
0,05
0,05
0,045
0,045
0,04
0,04
0,035
0,035
0,03
0,03
0,03
0,03
0,03
0,025
0,025
0,025
0,025
0,02
0,02
0,02
0,02
0,02
0,02
0,015
0,015
0,015
0,01
0,01
0,005
0,005
0
0
-0,005
-0,005
-0,01
-0,01
-0,01
-0,015
-0,015
-0,015
-0,015
-0,01
-0,01
-0,01
-0,01
-0,01
-0,005
-0,005
-0,005
0
0
0
0
0,005
0,005
0,005
0,005
0,01
0,01
0,01
0,01
0,01
0,01
0,01
0,01
0,01
0,01
0,005
0,005
0
0
0
0
0
0
0
0
0
0
0
0
0
0
0
0
0,005
0,005
0,005
0,005
0,005
0,005
0,005
0,005
0,01
0,01
0,01
0,01
0,01
0,01
0,01
0,01
0,01
0,01
0,005
0,005
0,005
0
0
0
-0,005
-0,005
-0,01
-0,01
-0,015
-0,015
-0,02
-0,02
-0,02
-0,02
-0,02
-0,02
-0,02
-0,02
-0,02
-0,02
-0,02
-0,02
-0,02
-0,015
-0,015
-0,015
-0,015
-0,015
-0,015
-0,01
-0,01
-0,01
-0,01
-0,01
-0,01
-0,01
-0,01
-0,01
-0,01
-0,01
-0,01
-0,01
-0,005
-0,005
-0,005
-0,005
-0,005
-0,005
-0,005
-0,005
-0,005
-0,005
-0,005
-0,005
-0,005
-0,005
-0,005
-0,005
-0,005
-0,005
-0,01
-0,01
-0,01
-0,01
-0,01
-0,015
-0,015
-0,015
-0,015
-0,02
-0,02
-0,02
-0,02
-0,02
-0,02
-0,025
-0,025
-0,025
-0,025
-0,025
-0,025
-0,025
-0,025
-0,025
-0,025
-0,025
-0,02
-0,02
-0,02
-0,02
-0,02
-0,02
-0,02
-0,025
-0,025
-0,025
-0,03
-0,03
-0,03
-0,03
-0,03
-0,03
-0,035
-0,035
-0,035
-0,035
-0,035
-0,035
-0,035
-0,04
-0,04
-0,04
-0,04
-0,04
-0,04
-0,035
-0,035
-0,035
-0,035
-0,035
-0,04
-0,04
-0,045
-0,045
-0,045
-0,045
-0,045
-0,05
-0,05
-0,05
-0,05
-0,05
-0,05
-0,05
-0,05
-0,05
-0,05
-0,05
-0,045
-0,045
-0,045
-0,045
-0,045
-0,04
-0,045
-0,045
-0,045
-0,045
-0,045
-0,05
-0,05
-0,05
-0,05
-0,055
-0,055
-0,055
-0,055
-0,055
-0,055
-0,055
-0,055
-0,055
-0,055
-0,055
-0,055
-0,055
-0,055
-0,055
-0,055
-0,055
-0,055
-0,055
-0,055
-0,055
-0,055
-0,055
-0,055
-0,055
-0,055
-0,055
-0,055
-0,055
-0,055
-0,055
-0,055
-0,055
-0,055
-0,055
-0,055
-0,05
-0,05
-0,055
-0,055
-0,055
-0,055
-0,055
-0,055
-0,06
-0,06
-0,06
-0,06
-0,06
-0,06
-0,06
-0,06
-0,06
-0,06
-0,06
-0,06
-0,055
-0,055
-0,055
-0,055
-0,055
-0,05
-0,05
-0,05
-0,05
-0,05
-0,05
-0,05
-0,05
-0,05
-0,05
-0,05
-0,05
-0,05
-0,045
-0,045
-0,045
-0,045
-0,045
-0,045
-0,045
-0,045
-0,045
-0,05
-0,05
-0,05
-0,05
-0,05
-0,05
-0,05
-0,05
-0,05
-0,055
-0,055
-0,055
-0,055
-0,055
-0,055
-0,055
-0,06
-0,06
-0,06
-0,06
-0,065
-0,065
-0,065
-0,065
-0,065
-0,07
-0,07
-0,07
-0,07
-0,065
-0,065
-0,065
-0,06
-0,06
-0,06
-0,055
-0,055
-0,055
-0,05
-0,05
-0,05
-0,045
-0,045
-0,045
-0,04
-0,04
-0,04
-0,035
-0,035
-0,035
-0,03
-0,03
-0,03
-0,025
-0,025
-0,025
-0,02
-0,02
-0,02
-0,015
-0,015
-0,01
-0,01
-0,01
-0,01
-0,01
-0,015
-0,015
-0,015
-0,015
-0,015
-0,015
-0,02
-0,02
-0,02
-0,02
-0,02
-0,025
-0,025
-0,025
-0,03
-0,03
-0,035
-0,035
-0,04
-0,045
-0,05
-0,05
-0,055
-0,06
-0,06
-0,065
-0,065
-0,065
-0,07
-0,07
-0,07
-0,07
-0,07
-0,07
-0,07
-0,07
-0,07
-0,07
-0,07
-0,07
-0,07
-0,07
-0,07
-0,07
-0,07
-0,07
-0,075
-0,075
-0,075
-0,08
-0,08
-0,08
-0,085
-0,085
-0,085
-0,085
-0,085
-0,085
-0,085
-0,085
-0,09
-0,09
-0,09
-0,09
-0,085
-0,085
-0,085
-0,085
-0,085
-0,085
-0,085
-0,085
-0,085
-0,085
-0,085
-0,085
-0,085
-0,09
-0,09
-0,09
-0,09
-0,09
-0,09
-0,09
-0,09
-0,09
-0,09
-0,09
-0,09
-0,09
-0,085
-0,085
-0,085
-0,085
-0,085
-0,085
-0,085
-0,085
-0,085
-0,085
-0,085
-0,085
-0,085
-0,085
-0,09
-0,09
-0,09
-0,09
-0,09
-0,09
-0,09
-0,09
-0,09
-0,09
-0,09
-0,09
-0,09
-0,09
-0,085
-0,085
-0,085
-0,085
-0,085
-0,085
-0,085
-0,085
-0,085
-0,085
-0,085
-0,085
-0,085
-0,085
-0,085
-0,08
-0,08
-0,08
-0,075
-0,075
-0,075
-0,07
-0,07
-0,065
-0,065
-0,065
-0,065
-0,065
-0,065
-0,065
-0,065
-0,065
-0,07
-0,07
-0,075
-0,075
-0,075
-0,08
-0,08
-0,08
-0,08
-0,085
-0,085
-0,085
-0,085
-0,085
-0,085
-0,085
-0,085
-0,085
-0,085
-0,085
-0,085
-0,085
-0,08
-0,08
-0,08
-0,075
-0,075
-0,07
-0,065
-0,06
-0,055
-0,05
-0,045
-0,035
-0,025
-0,015
0
0,015
0,03
0,05
0,07
0,095
0,12
0,15
0,185
0,225
0,27
0,315
0,37
0,425
0,485
0,545
0,61
0,675
0,745
0,81
0,875
0,94
1,005
1,065
1,125
1,18
1,23
1,27
1,305
1,335
1,355
1,37
1,375
1,375
1,37
1,36
1,34
1,32
1,29
1,26
1,22
1,175
1,125
1,075
1,015
0,955
0,885
0,82
0,75
0,675
0,6
0,53
0,46
0,39
0,325
0,265
0,205
0,155
0,11
0,065
0,03
-0,005
-0,035
-0,065
-0,09
-0,11
-0,125
-0,14
-0,15
-0,16
-0,17
-0,175
-0,18
-0,185
-0,19
-0,19
-0,195
-0,195
-0,2
-0,2
-0,2
-0,2
-0,205
-0,205
-0,205
-0,21
-0,21
-0,21
-0,21
-0,21
-0,21
-0,205
-0,205
-0,205
-0,205
-0,2
-0,2
-0,2
-0,2
-0,2
-0,2
-0,205
-0,205
-0,205
-0,21
-0,21
-0,21
-0,21
-0,21
-0,21
-0,21
-0,21
-0,21
-0,205
-0,205
-0,2
-0,195
-0,19
-0,19
-0,185
-0,18
-0,175
-0,17
-0,165
-0,16
-0,15
-0,145
-0,14
-0,14
-0,135
-0,13
-0,125
-0,125
-0,12
-0,12
-0,12
-0,115
-0,115
-0,11
-0,11
-0,105
-0,105
-0,1
-0,095
-0,095
-0,09
-0,085
-0,085
-0,08
-0,08
-0,075
-0,075
-0,07
-0,07
-0,07
-0,065
-0,065
-0,065
-0,065
-0,065
-0,065
-0,065
-0,065
-0,065
-0,065
-0,065
-0,065
-0,065
-0,065
-0,065
-0,06
-0,06
-0,06
-0,06
-0,06
-0,06
-0,055
-0,055
-0,055
-0,055
-0,055
-0,055
-0,055
-0,05
-0,05
-0,05
-0,05
-0,05
-0,05
-0,05
-0,055
-0,055
-0,055
-0,055
-0,06
-0,06
-0,06
-0,06
-0,065
-0,065
-0,065
-0,06
-0,06
-0,06
-0,06
-0,055
-0,055
-0,055
-0,055
-0,05
-0,05
-0,045
-0,045
-0,04
-0,04
-0,04
-0,04
-0,035
-0,035
-0,035
-0,035
-0,04
-0,04
-0,04
-0,04
-0,04
-0,04
-0,04
-0,04
-0,04
-0,04
-0,035
-0,035
-0,035
-0,03
-0,03
-0,025
-0,025
-0,02
-0,02
-0,015
-0,015
-0,01
-0,01
-0,005
-0,005
0
0
0,005
0,005
0,01
0,015
0,015
0,02
0,02
0,025
0,025
0,03
0,03
0,03
0,035
0,035
0,035
0,035
0,04
0,04
0,04
0,045
0,045
0,045
0,045
0,045
0,05
0,05
0,05
0,05
0,055
0,055
0,055
0,055
0,055
0,055
0,055
0,055
0,06
0,06
0,06
0,06
0,065
0,065
0,065
0,065
0,065
0,065
0,07
0,07
0,07
0,07
0,065
0,065
0,065
0,065
0,065
0,065
0,06
0,06
0,06
0,06
0,055
0,055
0,055
0,055
0,055
0,055
0,055
0,055
0,05
0,05
0,05
0,055
0,055
0,055
0,055
0,055
0,055
0,06
0,06
0,06
0,065
0,065
0,065
0,065
0,065
0,07
0,07
0,07
0,07
0,07
0,07
0,07
0,07
0,07
0,07
0,07
0,07
0,065
0,065
0,065
0,065
0,06
0,06
0,06
0,06
0,06
0,06
0,06
0,06
0,06
0,06
0,06
0,055
0,055
0,05
0,05
0,045
0,045
0,04
0,035
0,03
0,03
0,025
0,02
0,02
0,015
0,015
0,01
0,01
0,01
0,005
0,005
0,005
0,005
0,005
0,005
0,005
0,005
0,005
0,005
0,005
0,005
0,005
0,005
0,005
0,005
0,005
0,005
0,005
0,005
0,005
0,005
0,005
0,005
0,005
0,005
0,005
0,005
0,005
0,005
0,005
0,005
0,005
0,005
0,005
0,005
0,01
0,01
0,01
0,01
0,01
0,01
0,01
0,01
0,01
0,005
0,005
0,005
0,01
0,01
0,01
0,01
0,01
0,01
0,015
0,015
0,015
0,015
0,01
0,01
0,01
0,01
0,01
0,01
0,01
0,005
0,005
0,005
0,005
0,005
0
0
0
0
0
0
0
-0,005
-0,005
-0,005
-0,005
-0,005
-0,005
-0,005
-0,005
-0,005
-0,005
-0,005
-0,005
-0,005
-0,005
-0,005
-0,005
-0,005
-0,005
-0,005
-0,005
-0,005
-0,005
-0,005
-0,005
-0,005
-0,005
-0,005
-0,005
0
0
0
0
0,005
0,005
0,005
0,005
0,005
0,005
0,005
0,005
0,005
0,005
0,005
0,005
0,005
0,005
0,005
0
0
0
0
0
0
0
0
0
0
0
-0,005
-0,005
-0,005
-0,005
-0,01
-0,01
-0,01
-0,01
-0,015
-0,015
-0,015
-0,02
-0,02
-0,02
-0,02
-0,02
-0,02
-0,025
-0,025
-0,025
-0,02
-0,02
-0,02
-0,025
-0,025
-0,025
-0,025
-0,025
-0,03
-0,03
-0,03
-0,03
-0,035
-0,035
-0,035
-0,035
-0,04
-0,04
-0,04
-0,04
-0,04
-0,045
-0,045
-0,045
-0,045
-0,045
-0,045
-0,045
-0,045
-0,045
-0,045
-0,045
-0,045
-0,045
-0,045
-0,05
-0,05
-0,05
-0,05
-0,05
-0,05
-0,05
-0,05
-0,055
-0,055
-0,055
-0,055
-0,055
-0,055
-0,055
-0,055
-0,055
-0,055
-0,055
-0,055
-0,055
-0,055
-0,055
-0,055
-0,055
-0,055
-0,055
-0,055
-0,055
-0,05
-0,05
-0,05
-0,05
-0,05
-0,05
-0,05
-0,055
-0,055
-0,055
-0,055
-0,055
-0,055
-0,055
-0,055
-0,055
-0,05
-0,05
-0,05
-0,05
-0,05
-0,05
-0,05
-0,05
-0,055
-0,055
-0,055
-0,055
-0,06
-0,06
-0,06
-0,065
-0,065
-0,065
-0,07
-0,07
-0,07
-0,07
-0,07
-0,075
-0,075
-0,075
-0,075
-0,075
-0,075
-0,075
-0,075
-0,075
-0,075
-0,075
-0,075
-0,075
-0,075
-0,07
-0,07
-0,07
-0,07
-0,07
-0,07
-0,07
-0,065
-0,065
-0,065
-0,065
-0,065
-0,07
-0,07
-0,07
-0,075
-0,075
-0,075
-0,075
-0,075
-0,075
-0,075
-0,075
-0,07
-0,07
-0,07
-0,07
-0,07
-0,07
-0,07
-0,07
-0,065
-0,065
-0,065
-0,065
-0,065
-0,07
-0,07
-0,07
-0,07
-0,07
-0,075
-0,075
-0,075
-0,075
-0,075
-0,075
-0,08
-0,08
-0,08
-0,08
-0,075
-0,075
-0,075
-0,075
-0,075
-0,075
-0,075
-0,075
-0,075
-0,075
-0,075
-0,075
-0,075
-0,075
-0,075
-0,075
-0,075
-0,075
-0,075
-0,075
-0,07
-0,07
-0,07
-0,07
-0,07
-0,07
-0,07
-0,065
-0,065
-0,065
-0,065
-0,065
-0,065
-0,065
-0,065
-0,06
-0,06
-0,06
-0,055
-0,055
-0,055
-0,055
-0,05
-0,045
-0,045
-0,04
-0,035
-0,035
-0,03
-0,025
-0,025
-0,02
-0,02
-0,02
-0,02
-0,02
-0,02
-0,025
-0,025
-0,03
-0,03
-0,035
-0,035
-0,04
-0,04
-0,045
-0,045
-0,05
-0,05
-0,055
-0,055
-0,055
-0,06
-0,06
-0,06
-0,06
-0,065
-0,065
-0,065
-0,065
-0,07
-0,07
-0,07
-0,07
-0,07
-0,07
-0,07
-0,07
-0,07
-0,07
-0,07
-0,075
-0,075
-0,075
-0,075
-0,07
-0,07
-0,07
-0,07
-0,075
-0,075
-0,075
-0,075
-0,08
-0,08
-0,085
-0,085
-0,085
-0,09
-0,09
-0,09
-0,09
-0,095
-0,095
-0,095
-0,095
-0,095
-0,095
-0,095
-0,095
-0,095
-0,095
-0,095
-0,09
-0,09
-0,09
-0,09
-0,09
-0,09
-0,09
-0,095
-0,095
-0,095
-0,1
-0,1
-0,1
-0,105
-0,105
-0,105
-0,105
-0,105
-0,105
-0,105
-0,105
-0,105
-0,105
-0,105
-0,105
-0,105
-0,1
-0,1
-0,1
-0,1
-0,1
-0,1
-0,1
-0,1
-0,1
-0,095
-0,095
-0,095
-0,095
-0,095
-0,095
-0,095
-0,095
-0,095
-0,095
-0,095
-0,09
-0,09
-0,09
-0,085
-0,085
-0,085
-0,085
-0,08
-0,08
-0,08
-0,08
-0,08
-0,08
-0,075
-0,075
-0,08
-0,08
-0,08
-0,08
-0,085
-0,085
-0,085
-0,09
-0,09
-0,09
-0,095
-0,095
-0,095
-0,095
-0,095
-0,095
-0,095
-0,095
-0,095
-0,095
-0,095
-0,095
-0,09
-0,09
-0,09
-0,085
-0,085
-0,085
-0,085
-0,085
-0,085
-0,085
-0,08
-0,08
-0,08
-0,08
-0,08
-0,08
-0,08
-0,08
-0,085
-0,085
-0,085
-0,085
-0,085
-0,085
-0,085
-0,085
-0,085
-0,085
-0,085
-0,08
-0,08
-0,08
-0,075
-0,075
-0,075
-0,07
-0,07
-0,065
-0,06
-0,055
-0,05
-0,04
-0,03
-0,02
-0,005
0,005
0,025
0,045
0,065
0,085
0,115
0,145
0,175
0,215
0,255
0,3
0,35
0,405
0,46
0,52
0,58
0,645
0,71
0,77
0,835
0,9
0,96
1,02
1,075
1,125
1,175
1,215
1,245
1,275
1,295
1,305
1,31
1,31
1,305
1,29
1,275
1,25
1,225
1,195
1,16
1,12
1,08
1,03
0,98
0,925
0,87
0,81
0,75
0,685
0,62
0,555
0,495
0,435
0,375
0,32
0,27
0,225
0,185
0,145
0,11
0,075
0,045
0,015
-0,01
-0,035
-0,055
-0,075
-0,09
-0,105
-0,115
-0,125
-0,13
-0,14
-0,145
-0,15
-0,16
-0,165
-0,17
-0,175
-0,18
-0,185
-0,19
-0,195
-0,2
-0,205
-0,205
-0,205
-0,205
-0,205
-0,205
-0,2
-0,2
-0,195
-0,195
-0,195
-0,19
-0,19
-0,19
-0,19
-0,19
-0,19
-0,19
-0,195
-0,195
-0,195
-0,2
-0,2
-0,205
-0,205
-0,21
-0,21
-0,21
-0,21
-0,21
-0,21
-0,205
-0,205
-0,2
-0,195
-0,195
-0,19
-0,185
-0,18
-0,175
-0,17
-0,165
-0,16
-0,155
-0,15
-0,145
-0,14
-0,14
-0,135
-0,13
-0,13
-0,125
-0,12
-0,12
-0,12
-0,115
-0,11
-0,11
-0,105
-0,105
-0,1
-0,1
-0,1
-0,095
-0,095
-0,095
-0,09
-0,09
-0,09
-0,09
-0,085
-0,085
-0,085
-0,085
-0,085
-0,08
-0,08
-0,08
-0,075
-0,075
-0,075
-0,07
-0,07
-0,07
-0,065
-0,065
-0,065
-0,065
-0,065
-0,06
-0,06
-0,06
-0,06
-0,06
-0,06
-0,055
-0,055
-0,055
-0,055
-0,05
-0,05
-0,05
-0,05
-0,045
-0,045
-0,045
-0,045
-0,04
-0,04
-0,04
-0,035
-0,035
-0,035
-0,035
-0,035
-0,035
-0,035
-0,04
-0,04
-0,04
-0,045
-0,045
-0,05
-0,05
-0,055
-0,055
-0,055
-0,055
-0,06
-0,06
-0,06
-0,06
-0,06
-0,06
-0,055
-0,055
-0,055
-0,05
-0,05
-0,045
-0,045
-0,045
-0,045
-0,04
-0,04
-0,04
-0,035
-0,035
-0,03
-0,03
-0,03
-0,03
-0,025
-0,025
-0,025
-0,025
-0,02
-0,02
-0,02
-0,02
-0,02
-0,015
-0,015
-0,015
-0,01
-0,01
-0,01
-0,01
-0,01
-0,01
-0,01
-0,01
-0,01
-0,01
-0,01
-0,01
-0,01
-0,005
-0,005
-0,005
-0,005
-0,005
0
0
0
0
0
0,005
0,005
0,005
0,005
0,01
0,01
0,01
0,01
0,01
0,01
0,01
0,01
0,01
0,01
0,01
0,01
0,01
0,01
0,01
0,01
0,01
0,015
0,015
0,015
0,02
0,02
0,02
0,02
0,02
0,02
0,02
0,02
0,02
0,02
0,02
0,015
0,015
0,015
0,01
0,01
0,005
0,005
0,005
0,005
0,005
0,005
0
0
0
0,005
0,005
0,005
0,005
0,005
0,01
0,01
0,01
0,015
0,015
0,02
0,02
0,025
0,025
0,03
0,03
0,03
0,03
0,03
0,03
0,03
0,03
0,03
0,025
0,025
0,025
0,025
0,02
0,02
0,02
0,015
0,015
0,01
0,01
0,01
0,005
0,005
0
0
-0,005
-0,01
-0,01
-0,015
-0,015
-0,015
-0,02
-0,02
-0,02
-0,02
-0,02
-0,02
-0,02
-0,025
-0,025
-0,025
-0,025
-0,025
-0,025
-0,025
-0,025
-0,025
-0,025
-0,02
-0,02
-0,02
-0,02
-0,02
-0,02
-0,02
-0,02
-0,02
-0,02
-0,02
-0,02
-0,025
-0,025
-0,025
-0,025
-0,02
-0,02
-0,02
-0,02
-0,015
-0,015
-0,01
-0,01
-0,005
-0,005
0
0
0,005
0,005
0,005
0,01
0,01
0,01
0,01
0,015
0,015
0,015
0,015
0,015
0,015
0,015
0,015
0,015
0,015
0,015
0,015
0,015
0,015
0,015
0,015
0,015
0,015
0,015
0,02
0,02
0,02
0,02
0,02
0,02
0,02
0,02
0,02
0,02
0,02
0,02
0,02
0,02
0,02
0,025
0,025
0,025
0,025
0,025
0,025
0,025
0,025
0,02
0,02
0,02
0,02
0,02
0,015
0,015
0,015
0,01
0,01
0,005
0,005
0
0
0
0
0
0
-0,005
-0,005
-0,005
-0,005
-0,005
-0,005
-0,005
-0,005
-0,005
-0,005
-0,005
-0,005
-0,005
-0,005
-0,005
-0,005
-0,005
-0,005
-0,005
-0,005
-0,005
-0,005
-0,01
-0,01
-0,01
-0,01
-0,01
-0,01
-0,01
-0,005
-0,005
-0,005
-0,005
-0,005
0
0
0
0
0
0
0,005
0,005
0,005
0,01
0,01
0,015
0,015
0,015
0,015
0,015
0,01
0,01
0,01
0,005
0,005
0
0
0
-0,005
-0,005
-0,005
-0,005
-0,005
-0,005
-0,005
-0,005
-0,005
-0,005
-0,005
-0,005
-0,005
-0,005
-0,005
-0,005
-0,005
-0,005
-0,005
-0,005
-0,005
-0,005
-0,005
-0,005
-0,01
-0,01
-0,01
-0,01
-0,01
-0,015
-0,015
-0,015
-0,02
-0,02
-0,02
-0,025
-0,025
-0,025
-0,03
-0,03
-0,03
-0,03
-0,03
-0,03
-0,03
-0,03
-0,03
-0,03
-0,03
-0,03
-0,025
-0,025
-0,025
-0,02
-0,02
-0,02
-0,015
-0,015
-0,015
-0,015
-0,015
-0,015
-0,015
-0,015
-0,015
-0,015
-0,02
-0,02
-0,025
-0,025
-0,03
-0,03
-0,035
-0,035
-0,035
-0,04
-0,04
-0,04
-0,045
-0,045
-0,045
-0,045
-0,045
-0,045
-0,045
-0,045
-0,045
-0,045
-0,045
-0,045
-0,04
-0,04
-0,04
-0,04
-0,04
-0,04
-0,035
-0,035
-0,035
-0,035
-0,035
-0,04
-0,04
-0,04
-0,045
-0,045
-0,045
-0,05
-0,05
-0,055
-0,055
-0,055
-0,055
-0,055
-0,06
-0,06
-0,06
-0,06
-0,06
-0,06
-0,06
-0,06
-0,06
-0,055
-0,055
-0,055
-0,055
-0,055
-0,055
-0,05
-0,05
-0,05
-0,05
-0,05
-0,05
-0,05
-0,05
-0,05
-0,055
-0,055
-0,055
-0,055
-0,055
-0,055
-0,055
-0,055
-0,055
-0,055
-0,05
-0,05
-0,05
-0,05
-0,05
-0,045
-0,045
-0,045
-0,045
-0,045
-0,045
-0,045
-0,045
-0,045
-0,045
-0,05
-0,05
-0,05
-0,05
-0,05
-0,055
-0,055
-0,055
-0,055
-0,055
-0,06
-0,06
-0,06
-0,055
-0,055
-0,06
-0,06
-0,06
-0,06
-0,06
-0,06
-0,06
-0,06
-0,055
-0,055
-0,055
-0,055
-0,055
-0,05
-0,05
-0,05
-0,05
-0,05
-0,045
-0,045
-0,045
-0,045
-0,045
-0,04
-0,04
-0,035
-0,03
-0,03
-0,025
-0,025
-0,02
-0,02
-0,02
-0,015
-0,015
-0,015
-0,015
-0,015
-0,015
-0,015
-0,015
-0,015
-0,015
-0,015
-0,02
-0,02
-0,02
-0,025
-0,025
-0,025
-0,03
-0,03
-0,03
-0,035
-0,035
-0,04
-0,045
-0,045
-0,05
-0,05
-0,055
-0,06
-0,06
-0,065
-0,065
-0,07
-0,07
-0,075
-0,075
-0,075
-0,075
-0,075
-0,075
-0,075
-0,075
-0,075
-0,075
-0,07
-0,07
-0,07
-0,07
-0,07
-0,07
-0,07
-0,07
-0,075
-0,075
-0,075
-0,075
-0,08
-0,08
-0,08
-0,085
-0,085
-0,085
-0,085
-0,09
-0,09
-0,09
-0,09
-0,09
-0,09
-0,09
-0,09
-0,09
-0,09
-0,09
-0,09
-0,09
-0,09
-0,09
-0,09
-0,09
-0,095
-0,095
-0,095
-0,095
-0,095
-0,095
-0,095
-0,095
-0,1
-0,095
-0,095
-0,095
-0,095
-0,095
-0,095
-0,09
-0,09
-0,09
-0,09
-0,09
-0,09
-0,085
-0,085
-0,085
-0,085
-0,085
-0,085
-0,085
-0,085
-0,085
-0,085
-0,085
-0,085
-0,085
-0,085
-0,085
-0,085
-0,085
-0,085
-0,085
-0,085
-0,085
-0,085
-0,085
-0,085
-0,085
-0,085
-0,085
-0,085
-0,085
-0,09
-0,09
-0,09
-0,09
-0,095
-0,095
-0,1
-0,1
-0,105
-0,105
-0,105
-0,105
-0,105
-0,105
-0,105
-0,105
-0,1
-0,1
-0,095
-0,095
-0,09
-0,085
-0,085
-0,08
-0,08
-0,075
-0,075
-0,07
-0,07
-0,065
-0,065
-0,065
-0,065
-0,06
-0,06
-0,06
-0,065
-0,065
-0,065
-0,07
-0,075
-0,075
-0,08
-0,08
-0,085
-0,085
-0,09
-0,09
-0,09
-0,09
-0,09
-0,09
-0,09
-0,085
-0,085
-0,085
-0,08
-0,08
-0,075
-0,07
-0,065
-0,06
-0,05
-0,04
-0,03
-0,02
-0,005
0,01
0,03
0,05
0,075
0,105
0,135
0,175
0,215
0,265
0,32
0,375
0,44
0,505
0,575
0,645
0,715
0,79
0,86
0,93
0,995
1,06
1,125
1,18
1,235
1,28
1,325
1,355
1,385
1,405
1,42
1,425
1,425
1,415
1,4
1,385
1,36
1,33
1,295
1,26
1,215
1,165
1,115
1,055
0,995
0,93
0,865
0,795
0,725
0,655
0,58
0,51
0,445
0,38
0,32
0,265
0,21
0,165
0,12
0,08
0,04
0,01
-0,02
-0,045
-0,07
-0,09
-0,105
-0,12
-0,135
-0,145
-0,155
-0,16
-0,17
-0,175
-0,18
-0,185
-0,185
-0,19
-0,19
-0,19
-0,195
-0,195
-0,195
-0,2
-0,2
-0,2
-0,2
-0,205
-0,205
-0,2
-0,2
-0,2
-0,195
-0,195
-0,19
-0,19
-0,19
-0,19
-0,195
-0,195
-0,2
-0,205
-0,21
-0,215
-0,215
-0,22
-0,225
-0,23
-0,235
-0,235
-0,24
-0,24
-0,24
-0,24
-0,24
-0,24
-0,235
-0,235
-0,23
-0,225
-0,22
-0,22
-0,215
-0,205
-0,2
-0,195
-0,19
-0,18
-0,175
-0,17
-0,165
-0,16
-0,155
-0,15
-0,145
-0,14
-0,14
-0,135
-0,13
-0,125
-0,12
-0,115
-0,11
-0,105
-0,105
-0,1
-0,095
-0,095
-0,09
-0,09
-0,085
-0,085
-0,085
-0,085
-0,085
-0,085
-0,08
-0,08
-0,08
-0,08
-0,08
-0,08
-0,08
-0,08
-0,08
-0,08
-0,08
-0,075
-0,075
-0,075
-0,075
-0,075
-0,07
-0,07
-0,07
-0,07
-0,07
-0,07
-0,07
-0,07
-0,07
-0,07
-0,07
-0,07
-0,065
-0,065
-0,065
-0,065
-0,065
-0,065
-0,065
-0,06
-0,06
-0,06
-0,06
-0,06
-0,055
-0,055
-0,055
-0,055
-0,055
-0,055
-0,055
-0,055
-0,05
-0,05
-0,05
-0,05
-0,05
-0,05
-0,05
-0,05
-0,05
-0,05
-0,05
-0,05
-0,05
-0,055
-0,055
-0,055
-0,055
-0,055
-0,055
-0,055
-0,055
-0,055
-0,055
-0,055
-0,055
-0,06
-0,06
-0,06
-0,06
-0,06
-0,06
-0,06
-0,06
-0,055
-0,055
-0,055
-0,05
-0,05
-0,05
-0,045
-0,045
-0,045
-0,045
-0,045
-0,045
-0,045
-0,045
-0,04
-0,04
-0,04
-0,035
-0,035
-0,03
-0,03
-0,03
-0,025
-0,025
-0,02
-0,02
-0,02
-0,02
-0,015
-0,015
-0,015
-0,015
-0,01
-0,01
-0,01
-0,01
-0,005
-0,005
-0,005
0
0
0
0
0
0
0
0
0
0
0
0
0
0,005
0,005
0,005
0,005
0,005
0,005
0,005
0,005
0,005
0
0
0
0
-0,005
-0,005
-0,01
-0,01
-0,015
-0,015
-0,02
-0,02
-0,02
-0,02
-0,015
-0,015
-0,015
-0,01
-0,01
-0,01
-0,005
-0,005
-0,005
-0,005
0
0
0
0,005
0,005
0,01
0,01
0,015
0,015
0,015
0,02
0,02
0,02
0,02
0,015
0,015
0,015
0,015
0,01
0,01
0,005
0,005
0,005
0
0
0
-0,005
-0,005
-0,01
-0,01
-0,01
-0,01
-0,015
-0,015
-0,015
-0,015
-0,015
-0,015
-0,015
-0,02
-0,02
-0,02
-0,02
-0,02
-0,02
-0,02
-0,02
-0,02
-0,02
-0,025
-0,025
-0,025
-0,03
-0,03
-0,035
-0,035
-0,04
-0,04
-0,04
-0,04
-0,045
-0,045
-0,045
-0,04
-0,04
-0,04
-0,04
-0,035
-0,035
-0,035
-0,03
-0,03
-0,03
-0,03
-0,025
-0,025
-0,025
-0,02
-0,02
-0,02
-0,015
-0,015
-0,01
-0,01
-0,01
-0,005
-0,005
0
0
0
0
0,005
0,005
0,01
0,01
0,01
0,01
0,01
0,015
0,015
0,015
0,015
0,015
0,02
0,02
0,02
0,02
0,02
0,02
0,02
0,02
0,02
0,02
0,02
0,02
0,02
0,02
0,02
0,02
0,02
0,02
0,015
0,015
0,015
0,015
0,01
0,01
0,01
0,01
0,005
0,005
0,005
0
0
0
0
0
0
0
0
0
0
0
0
0,005
0,005
0,005
0,01
0,01
0,015
0,015
0,015
0,015
0,015
0,02
0,02
0,015
0,015
0,015
0,015
0,015
0,015
0,015
0,015
0,015
0,015
0,015
0,015
0,015
0,015
0,015
0,015
0,015
0,015
0,015
0,015
0,015
0,015
0,015
0,015
0,015
0,015
0,015
0,015
0,015
0,01
0,01
0,01
0,01
0,01
0,005
0,005
0,005
0,005
0,005
0,005
0,005
0,005
0,005
0,005
0,005
0,005
0,005
0,005
0,005
0,005
0
0
0
0
0
0
0
0
0
0
0
0
0
0
0
0
0
0
-0,005
-0,005
-0,005
-0,005
-0,005
-0,005
-0,01
-0,01
-0,01
-0,01
-0,01
-0,015
-0,015
-0,02
-0,02
-0,025
-0,025
-0,025
-0,025
-0,03
-0,03
-0,03
-0,03
-0,03
-0,03
-0,03
-0,03
-0,035
-0,035
-0,035
-0,035
-0,035
-0,035
-0,035
-0,035
-0,035
-0,035
-0,035
-0,035
-0,035
-0,035
-0,035
-0,035
-0,035
-0,035
-0,035
-0,035
-0,035
-0,035
-0,035
-0,035
-0,035
-0,035
-0,035
-0,035
-0,035
-0,03
-0,03
-0,03
-0,03
-0,03
-0,03
-0,03
-0,03
-0,035
-0,035
-0,035
-0,04
-0,04
-0,04
-0,045
-0,045
-0,045
-0,05
-0,05
-0,05
-0,05
-0,055
-0,055
-0,055
-0,055
-0,055
-0,055
-0,055
-0,055
-0,055
-0,05
-0,05
-0,05
-0,05
-0,045
-0,045
-0,045
-0,045
-0,045
-0,045
-0,045
-0,045
-0,04
-0,04
-0,04
-0,045
-0,045
-0,045
-0,045
-0,045
-0,045
-0,05
-0,05
-0,05
-0,055
-0,055
-0,055
-0,055
-0,06
-0,06
-0,06
-0,06
-0,06
-0,06
-0,06
-0,06
-0,06
-0,06
-0,06
-0,06
-0,06
-0,065
-0,065
-0,065
-0,065
-0,065
-0,065
-0,07
-0,07
-0,07
-0,07
-0,07
-0,07
-0,07
-0,07
-0,07
-0,075
-0,075
-0,075
-0,075
-0,075
-0,075
-0,075
-0,075
-0,075
-0,075
-0,075
-0,075
-0,075
-0,075
-0,075
-0,075
-0,075
-0,075
-0,075
-0,075
-0,075
-0,075
-0,075
-0,075
-0,075
-0,075
-0,075
-0,07
-0,07
-0,07
-0,07
-0,065
-0,065
-0,065
-0,065
-0,065
-0,065
-0,065
-0,06
-0,06
-0,06
-0,06
-0,06
-0,06
-0,06
-0,06
-0,06
-0,06
-0,055
-0,055
-0,05
-0,05
-0,045
-0,045
-0,045
-0,045
-0,045
-0,045
-0,04
-0,04
-0,04
-0,035
-0,035
-0,03
-0,03
-0,025
-0,025
-0,025
-0,025
-0,025
-0,025
-0,025
-0,03
-0,03
-0,035
-0,035
-0,04
-0,04
-0,045
-0,045
-0,05
-0,05
-0,05
-0,055
-0,055
-0,055
-0,06
-0,06
-0,065
-0,065
-0,07
-0,075
-0,075
-0,08
-0,08
-0,085
-0,085
-0,09
-0,09
-0,09
-0,09
-0,09
-0,09
-0,09
-0,09
-0,09
-0,09
-0,09
-0,09
-0,09
-0,09
-0,09
-0,09
-0,09
-0,09
-0,09
-0,095
-0,09
-0,09
-0,09
-0,095
-0,095
-0,095
-0,095
-0,095
-0,095
-0,1
-0,1
-0,105
-0,105
-0,105
-0,11
-0,11
-0,11
-0,11
-0,11
-0,115
-0,115
-0,115
-0,115
-0,11
-0,11
-0,11
-0,11
-0,11
-0,105
-0,105
-0,105
-0,105
-0,105
-0,1
-0,1
-0,1
-0,1
-0,1
-0,1
-0,1
-0,1
-0,1
-0,1
-0,1
-0,1
-0,1
-0,1
-0,1
-0,1
-0,1
-0,095
-0,095
-0,095
-0,095
-0,1
-0,1
-0,1
-0,1
-0,105
-0,105
-0,105
-0,105
-0,105
-0,105
-0,105
-0,105
-0,105
-0,105
-0,105
-0,105
-0,105
-0,105
-0,105
-0,105
-0,105
-0,105
-0,105
-0,105
-0,1
-0,1
-0,1
-0,1
-0,1
-0,095
-0,095
-0,095
-0,09
-0,09
-0,09
-0,085
-0,085
-0,085
-0,085
-0,085
-0,085
-0,085
-0,085
-0,085
-0,085
-0,085
-0,085
-0,085
-0,085
-0,085
-0,085
-0,09
-0,09
-0,09
-0,09
-0,09
-0,09
-0,09
-0,09
-0,09
-0,09
-0,09
-0,09
-0,085
-0,085
-0,085
-0,085
-0,085
-0,085
-0,085
-0,08
-0,08
-0,08
-0,075
-0,075
-0,075
-0,07
-0,07
-0,065
-0,065
-0,06
-0,05
-0,045
-0,035
-0,025
-0,01
0
0,015
0,035
0,055
0,075
0,1
0,13
0,16
0,195
0,235
0,285
0,335
0,385
0,445
0,505
0,565
0,63
0,695
0,76
0,83
0,895
0,96
1,02
1,085
1,14
1,19
1,24
1,28
1,31
1,34
1,355
1,37
1,37
1,37
1,36
1,345
1,325
1,3
1,27
1,235
1,195
1,15
1,095
1,04
0,98
0,92
0,855
0,785
0,715
0,64
0,57
0,5
0,43
0,365
0,3
0,245
0,19
0,145
0,1
0,06
0,025
-0,005
-0,03
-0,055
-0,075
-0,095
-0,11
-0,125
-0,135
-0,145
-0,15
-0,155
-0,16
-0,165
-0,17
-0,17
-0,175
-0,175
-0,175
-0,175
-0,18
-0,18
-0,18
-0,185
-0,185
-0,185
-0,19
-0,19
-0,19
-0,195
-0,195
-0,195
-0,195
-0,195
-0,195
-0,195
-0,195
-0,195
-0,195
-0,195
-0,2
-0,2
-0,205
-0,205
-0,21
-0,215
-0,215
-0,215
-0,22
-0,22
-0,22
-0,22
-0,22
-0,215
-0,215
-0,21
-0,205
-0,205
-0,2
-0,195
-0,185
-0,18
-0,175
-0,17
-0,16
-0,155
-0,15
-0,145
-0,14
-0,135
-0,13
-0,12
-0,115
-0,115
-0,11
-0,105
-0,1
-0,1
-0,095
-0,095
-0,09
-0,09
-0,09
-0,085
-0,085
-0,085
-0,085
-0,08
-0,08
-0,08
-0,08
-0,075
-0,075
-0,075
-0,075
-0,075
-0,07
-0,07
-0,07
-0,07
-0,075
-0,075
-0,075
-0,075
-0,07
-0,07
-0,07
-0,07
-0,07
-0,07
-0,07
-0,07
-0,07
-0,065
-0,065
-0,065
-0,065
-0,065
-0,065
-0,065
-0,065
-0,065
-0,06
-0,06
-0,06
-0,055
-0,055
-0,055
-0,05
-0,05
-0,05
-0,05
-0,045
-0,045
-0,045
-0,045
-0,045
-0,045
-0,045
-0,045
-0,045
-0,045
-0,045
-0,045
-0,045
-0,045
-0,045
-0,045
-0,045
-0,045
-0,045
-0,045
-0,04
-0,04
-0,04
-0,04
-0,04
-0,035
-0,035
-0,035
-0,03
-0,03
-0,025
-0,025
-0,02
-0,02
-0,02
-0,015
-0,015
-0,015
-0,015
-0,01
-0,01
-0,01
-0,01
-0,01
-0,01
-0,01
-0,01
-0,01
-0,005
-0,005
-0,005
-0,005
-0,005
-0,005
-0,005
-0,005
0
0
0
0
0,005
0,005
0,01
0,01
0,01
0,015
0,015
0,02
0,02
0,02
0,025
0,025
0,025
0,03
0,03
0,03
0,03
0,035
0,035
0,035
0,04
0,04
0,04
0,04
0,04
0,045
0,045
0,045
0,05
0,05
0,05
0,055
0,055
0,055
0,06
0,06
0,06
0,06
0,06
0,065
0,065
0,065
0,06
0,06
0,06
0,06
0,055
0,055
0,05
0,05
0,045
0,045
0,045
0,04
0,04
0,04
0,035
0,035
0,035
0,035
0,035
0,035
0,035
0,035
0,035
0,035
0,035
0,035
0,035
0,035
0,035
0,04
0,04
0,04
0,04
0,045
0,045
0,045
0,045
0,05
0,05
0,05
0,05
0,055
0,055
0,055
0,055
0,055
0,055
0,055
0,055
0,055
0,055
0,055
0,055
0,05
0,05
0,05
0,045
0,045
0,045
0,04
0,04
0,04
0,04
0,035
0,035
0,035
0,03
0,03
0,03
0,03
0,025
0,025
0,02
0,02
0,02
0,015
0,015
0,015
0,01
0,01
0,01
0,005
0,005
0
0
0
0
0
-0,005
-0,005
-0,01
-0,01
-0,01
-0,01
-0,01
-0,01
-0,01
-0,01
-0,005
-0,005
0
0
0
0,005
0,005
0,005
0,005
0,01
0,01
0,01
0,01
0,01
0,005
0,005
0,005
0,005
0,005
0,005
0,005
0,005
0,01
0,01
0,01
0,01
0,01
0,01
0,01
0,01
0,015
0,015
0,015
0,015
0,015
0,015
0,015
0,02
0,02
0,02
0,02
0,02
0,02
0,02
0,02
0,02
0,025
0,025
0,025
0,025
0,025
0,025
0,025
0,025
0,025
0,025
0,025
0,025
0,02
0,02
0,02
0,02
0,015
0,015
0,015
0,015
0,015
0,01
0,01
0,01
0,01
0,01
0,01
0,01
0,01
0,01
0,015
0,015
0,015
0,015
0,015
0,015
0,015
0,01
0,01
0,01
0,01
0,005
0,005
0,005
0,01
0,01
0,01
0,01
0,015
0,015
0,015
0,015
0,015
0,015
0,015
0,015
0,015
0,01
0,01
0,01
0,01
0,01
0,005
0,005
0,005
0,005
0,005
0,005
0,005
0,005
0,005
0,005
0,005
0,005
0,005
0,005
0
0
0
0
0
0
0
-0,005
-0,005
-0,005
-0,01
-0,01
-0,01
-0,01
-0,01
-0,01
-0,015
-0,015
-0,015
-0,02
-0,02
-0,02
-0,02
-0,02
-0,025
-0,025
-0,025
-0,025
-0,025
-0,025
-0,025
-0,03
-0,03
-0,03
-0,03
-0,03
-0,03
-0,03
-0,03
-0,03
-0,03
-0,03
-0,03
-0,03
-0,03
-0,03
-0,03
-0,03
-0,03
-0,03
-0,03
-0,03
-0,03
-0,025
-0,025
-0,025
-0,025
-0,025
-0,02
-0,02
-0,02
-0,025
-0,025
-0,025
-0,025
-0,025
-0,03
-0,03
-0,03
-0,035
-0,035
-0,035
-0,035
-0,035
-0,04
-0,04
-0,04
-0,04
-0,04
-0,04
-0,04
-0,045
-0,045
-0,045
-0,05
-0,05
-0,05
-0,05
-0,05
-0,055
-0,055
-0,055
-0,055
-0,055
-0,055
-0,055
-0,055
-0,055
-0,055
-0,05
-0,05
-0,05
-0,045
-0,045
-0,045
-0,045
-0,04
-0,04
-0,04
-0,04
-0,04
-0,04
-0,045
-0,045
-0,045
-0,045
-0,05
-0,05
-0,055
-0,055
-0,055
-0,06
-0,06
-0,06
-0,06
-0,06
-0,06
-0,06
-0,06
-0,055
-0,055
-0,055
-0,055
-0,055
-0,05
-0,05
-0,05
-0,05
-0,05
-0,045
-0,045
-0,045
-0,045
-0,045
-0,04
-0,04
-0,045
-0,045
-0,045
-0,045
-0,05
-0,05
-0,05
-0,05
-0,055
-0,055
-0,055
-0,055
-0,055
-0,055
-0,055
-0,05
-0,05
-0,05
-0,05
-0,05
-0,05
-0,05
-0,05
-0,05
-0,05
-0,055
-0,055
-0,055
-0,055
-0,06
-0,06
-0,06
-0,06
-0,06
-0,06
-0,06
-0,055
-0,055
-0,055
-0,06
-0,06
-0,06
-0,06
-0,065
-0,065
-0,065
-0,065
-0,065
-0,065
-0,065
-0,065
-0,07
-0,07
-0,07
-0,07
-0,065
-0,065
-0,065
-0,065
-0,065
-0,065
-0,06
-0,06
-0,06
-0,06
-0,06
-0,055
-0,055
-0,055
-0,055
-0,06
-0,06
-0,06
-0,06
-0,065
-0,065
-0,065
-0,065
-0,065
-0,065
-0,06
-0,06
-0,06
-0,06
-0,06
-0,06
-0,055
-0,055
-0,055
-0,055
-0,05
-0,05
-0,045
-0,045
-0,04
-0,04
-0,04
-0,035
-0,035
-0,035
-0,03
-0,03
-0,03
-0,025
-0,025
-0,025
-0,025
-0,025
-0,03
-0,03
-0,03
-0,035
-0,035
-0,035
-0,035
-0,04
-0,04
-0,04
-0,04
-0,04
-0,04
-0,04
-0,045
-0,045
-0,045
-0,05
-0,05
-0,055
-0,055
-0,06
-0,06
-0,06
-0,065
-0,065
-0,065
-0,07
-0,07
-0,07
-0,07
-0,07
-0,07
-0,075
-0,075
-0,075
-0,075
-0,08
-0,08
-0,08
-0,08
-0,08
-0,08
-0,08
-0,085
-0,085
-0,085
-0,085
-0,085
-0,085
-0,09
-0,09
-0,09
-0,09
-0,095
-0,095
-0,095
-0,095
-0,095
-0,095
-0,095
-0,1
-0,1
-0,1
-0,1
-0,105
-0,105
-0,105
-0,105
-0,105
-0,105
-0,11
-0,11
-0,11
-0,11
-0,11
-0,11
-0,11
-0,11
-0,11
-0,11
-0,11
-0,105
-0,105
-0,105
-0,105
-0,105
-0,1
-0,1
-0,1
-0,095
-0,095
-0,095
-0,095
-0,095
-0,09
-0,09
-0,09
-0,09
-0,09
-0,09
-0,09
-0,09
-0,09
-0,09
-0,09
-0,09
-0,09
-0,09
-0,09
-0,09
-0,09
-0,09
-0,095
-0,095
-0,095
-0,095
-0,095
-0,095
-0,095
-0,095
-0,095
-0,095
-0,095
-0,095
-0,09
-0,09
-0,09
-0,09
-0,085
-0,085
-0,085
-0,085
-0,085
-0,08
-0,08
-0,08
-0,08
-0,08
-0,08
-0,08
-0,085
-0,085
-0,085
-0,085
-0,085
-0,085
-0,085
-0,09
-0,09
-0,09
-0,09
-0,09
-0,09
-0,09
-0,09
-0,09
-0,09
-0,09
-0,09
-0,09
-0,085
-0,085
-0,085
-0,085
-0,085
-0,09
-0,09
-0,09
-0,09
-0,09
-0,09
-0,09
-0,09
-0,09
-0,09
-0,09
-0,09
-0,09
-0,09
-0,09
-0,085
-0,085
-0,08
-0,075
-0,07
-0,065
-0,055
-0,05
-0,04
-0,03
-0,02
-0,005
0,005
0,02
0,04
0,06
0,08
0,105
0,135
0,165
0,205
0,245
0,29
0,34
0,39
0,445
0,505
0,57
0,63
0,695
0,76
0,825
0,885
0,945
1,005
1,06
1,115
1,16
1,2
1,235
1,26
1,28
1,295
1,3
1,3
1,295
1,285
1,265
1,245
1,22
1,19
1,155
1,115
1,07
1,02
0,97
0,91
0,85
0,79
0,725
0,66
0,59
0,525
0,46
0,4
0,34
0,285
0,23
0,185
0,14
0,1
0,06
0,03
0
-0,025
-0,05
-0,07
-0,085
-0,105
-0,115
-0,125
-0,135
-0,14
-0,145
-0,15
-0,155
-0,16
-0,165
-0,17
-0,175
-0,18
-0,185
-0,185
-0,19
-0,195
-0,195
-0,2
-0,2
-0,205
-0,205
-0,21
-0,21
-0,21
-0,21
-0,21
-0,21
-0,21
-0,21
-0,21
-0,21
-0,21
-0,21
-0,21
-0,21
-0,21
-0,215
-0,215
-0,215
-0,215
-0,215
-0,215
-0,215
-0,215
-0,215
-0,21
-0,21
-0,205
-0,205
-0,2
-0,195
-0,19
-0,185
-0,185
-0,18
-0,175
-0,17
-0,165
-0,16
-0,16
-0,155
-0,15
-0,145
-0,14
-0,135
-0,135
-0,13
-0,125
-0,12
-0,12
-0,115
-0,115
-0,11
-0,105
-0,105
-0,1
-0,1
-0,095
-0,095
-0,095
-0,09
-0,09
-0,085
-0,085
-0,085
-0,08
-0,08
-0,08
-0,075
-0,075
-0,075
-0,075
-0,075
-0,075
-0,075
-0,075
-0,075
-0,075
-0,07
-0,07
-0,07
-0,07
-0,07
-0,07
-0,065
-0,065
-0,065
-0,065
-0,065
-0,065
-0,065
-0,065
-0,065
-0,065
-0,065
-0,065
-0,065
-0,065
-0,065
-0,065
-0,065
-0,065
-0,06
-0,06
-0,06
-0,06
-0,06
-0,06
-0,055
-0,055
-0,05
-0,05
-0,05
-0,045
-0,045
-0,045
-0,045
-0,045
-0,045
-0,045
-0,04
-0,04
-0,04
-0,04
-0,04
-0,04
-0,04
-0,04
-0,04
-0,04
-0,04
-0,04
-0,04
-0,04
-0,04
-0,04
-0,04
-0,04
-0,04
-0,04
-0,04
-0,035
-0,035
-0,035
-0,035
-0,03
-0,03
-0,03
-0,03
-0,025
-0,025
-0,02
-0,02
-0,015
-0,015
-0,01
-0,01
-0,005
-0,005
0
0
0
0
0
0,005
0,005
0,005
0,01
0,01
0,01
0,01
0,01
0,01
0,01
0,01
0,01
0,01
0,015
0,015
0,02
0,02
0,02
0,025
0,025
0,03
0,03
0,03
0,035
0,035
0,035
0,04
0,04
0,04
0,045
0,045
0,045
0,05
0,05
0,05
0,05
0,05
0,055
0,055
0,055
0,055
0,055
0,055
0,055
0,055
0,055
0,055
0,055
0,05
0,05
0,05
0,045
0,045
0,045
0,04
0,04
0,04
0,035
0,035
0,03
0,03
0,03
0,03
0,03
0,025
0,025
0,025
0,025
0,025
0,025
0,025
0,025
0,025
0,025
0,03
0,03
0,03
0,03
0,03
0,03
0,03
0,035
0,035
0,035
0,035
0,035
0,03
0,03
0,03
0,03
0,03
0,03
0,03
0,03
0,03
0,03
0,03
0,03
0,03
0,025
0,025
0,02
0,02
0,02
0,015
0,015
0,01
0,01
0,005
0,005
0
0
0
-0,005
-0,005
-0,005
-0,01
-0,01
-0,01
-0,01
-0,01
-0,01
-0,01
-0,01
-0,01
-0,01
-0,01
-0,01
-0,01
-0,01
-0,01
-0,005
-0,005
-0,005
-0,005
-0,005
-0,005
-0,005
0
0
0
0
0
0
0
0
0
0
0
0
0
0
0
0
0
0
0
0
0
0
0
0
0
0
0,005
0,005
0,005
0,005
0,005
0,005
0,01
0,01
0,01
0,01
0,015
0,015
0,015
0,02
0,02
0,02
0,025
0,025
0,025
0,025
0,03
0,03
0,03
0,03
0,03
0,03
0,03
0,025
0,025
0,025
0,02
0,02
0,02
0,015
0,015
0,01
0,01
0,01
0,01
0,01
0,01
0,01
0,01
0,01
0,01
0,015
0,015
0,015
0,015
0,015
0,02
0,02
0,02
0,025
0,025
0,03
0,03
0,03
0,03
0,03
0,03
0,03
0,03
0,025
0,025
0,025
0,02
0,02
0,02
0,02
0,02
0,02
0,02
0,02
0,02
0,015
0,015
0,015
0,015
0,015
0,01
0,01
0,01
0,01
0,01
0,01
0,01
0,01
0,01
0,01
0,01
0,01
0,01
0,01
0,01
0,01
0,005
0,005
0,005
0,005
0
0
0
0
0
-0,005
-0,005
-0,005
-0,005
-0,005
-0,005
-0,005
-0,005
-0,005
-0,005
-0,005
-0,005
-0,005
-0,005
-0,005
-0,005
-0,005
-0,01
-0,01
-0,01
-0,01
-0,01
-0,015
-0,015
-0,015
-0,015
-0,015
-0,015
-0,02
-0,02
-0,02
-0,02
-0,015
-0,015
-0,015
-0,015
-0,015
-0,015
-0,015
-0,015
-0,015
-0,015
-0,015
-0,015
-0,01
-0,01
-0,015
-0,015
-0,015
-0,02
-0,02
-0,02
-0,025
-0,025
-0,03
-0,03
-0,03
-0,035
-0,035
-0,035
-0,035
-0,04
-0,04
-0,04
-0,04
-0,04
-0,04
-0,04
-0,04
-0,04
-0,04
-0,035
-0,035
-0,035
-0,035
-0,035
-0,03
-0,03
-0,03
-0,03
-0,03
-0,03
-0,03
-0,03
-0,03
-0,03
-0,03
-0,03
-0,03
-0,025
-0,025
-0,025
-0,025
-0,025
-0,03
-0,03
-0,03
-0,035
-0,035
-0,035
-0,04
-0,04
-0,04
-0,04
-0,045
-0,045
-0,045
-0,045
-0,045
-0,045
-0,045
-0,045
-0,045
-0,045
-0,045
-0,045
-0,045
-0,045
-0,045
-0,045
-0,045
-0,045
-0,045
-0,045
-0,045
-0,045
-0,045
-0,045
-0,045
-0,045
-0,045
-0,045
-0,045
-0,045
-0,045
-0,045
-0,045
-0,045
-0,04
-0,04
-0,04
-0,04
-0,045
-0,045
-0,045
-0,045
-0,045
-0,045
-0,045
-0,045
-0,045
-0,045
-0,045
-0,045
-0,045
-0,045
-0,05
-0,05
-0,05
-0,05
-0,05
-0,055
-0,055
-0,055
-0,055
-0,06
-0,06
-0,06
-0,06
-0,06
-0,06
-0,06
-0,06
-0,06
-0,06
-0,06
-0,06
-0,055
-0,055
-0,055
-0,055
-0,055
-0,055
-0,05
-0,05
-0,05
-0,05
-0,05
-0,05
-0,05
-0,05
-0,05
-0,05
-0,05
-0,05
-0,05
-0,055
-0,055
-0,055
-0,055
-0,06
-0,06
-0,06
-0,06
-0,065
-0,065
-0,065
-0,065
-0,065
-0,065
-0,065
-0,065
-0,065
-0,065
-0,06
-0,06
-0,06
-0,055
-0,055
-0,055
-0,05
-0,045
-0,045
-0,04
-0,04
-0,035
-0,035
-0,035
-0,03
-0,03
-0,03
-0,03
-0,025
-0,025
-0,025
-0,02
-0,02
-0,02
-0,02
-0,02
-0,02
-0,015
-0,015
-0,015
-0,015
-0,015
-0,015
-0,015
-0,015
-0,015
-0,02
-0,02
-0,02
-0,02
-0,025
-0,025
-0,03
-0,03
-0,035
-0,04
-0,04
-0,045
-0,045
-0,05
-0,05
-0,055
-0,055
-0,055
-0,055
-0,055
-0,055
-0,06
-0,06
-0,06
-0,06
-0,06
-0,06
-0,06
-0,06
-0,065
-0,065
-0,065
-0,065
-0,065
-0,07
-0,07
-0,07
-0,07
-0,07
-0,075
-0,075
-0,075
-0,075
-0,07
-0,07
-0,07
-0,07
-0,07
-0,07
-0,07
-0,07
-0,07
-0,075
-0,075
-0,075
-0,075
-0,075
-0,075
-0,08
-0,08
-0,08
-0,08
-0,085
-0,085
-0,085
-0,085
-0,085
-0,085
-0,085
-0,085
-0,085
-0,085
-0,085
-0,085
-0,09
-0,09
-0,09
-0,09
-0,09
-0,09
-0,09
-0,09
-0,09
-0,09
-0,09
-0,09
-0,09
-0,09
-0,09
-0,09
-0,085
-0,085
-0,085
-0,085
-0,085
-0,085
-0,085
-0,085
-0,085
-0,085
-0,085
-0,085
-0,09
-0,09
-0,09
-0,095
-0,095
-0,095
-0,095
-0,095
-0,095
-0,095
-0,095
-0,09
-0,09
-0,09
-0,09
-0,085
-0,085
-0,085
-0,08
-0,08
-0,075
-0,075
-0,075
-0,07
-0,07
-0,07
-0,07
-0,07
-0,07
-0,07
-0,07
-0,07
-0,07
-0,075
-0,075
-0,075
-0,075
-0,075
-0,08
-0,075
-0,075
-0,075
-0,075
-0,075
-0,075
-0,075
-0,075
-0,075
-0,08
-0,08
-0,08
-0,08
-0,08
-0,08
-0,075
-0,075
-0,075
-0,075
-0,075
-0,08
-0,08
-0,085
-0,085
-0,085
-0,085
-0,085
-0,085
-0,085
-0,08
-0,08
-0,075
-0,075
-0,07
-0,07
-0,065
-0,06
-0,055
-0,05
-0,045
-0,04
-0,035
-0,025
-0,02
-0,01
0
0,01
0,025
0,045
0,065
0,085
0,11
0,14
0,175
0,215
0,26
0,31
0,365
0,425
0,485
0,55
0,62
0,69
0,76
0,83
0,895
0,96
1,025
1,085
1,14
1,195
1,24
1,28
1,31
1,335
1,355
1,365
1,365
1,365
1,355
1,34
1,32
1,295
1,265
1,23
1,195
1,155
1,105
1,06
1,005
0,95
0,89
0,83
0,765
0,7
0,635
0,57
0,505
0,445
0,385
0,33
0,275
0,23
0,185
0,145
0,11
0,075
0,045
0,015
-0,005
-0,03
-0,05
-0,065
-0,08
-0,095
-0,105
-0,115
-0,12
-0,13
-0,135
-0,14
-0,145
-0,15
-0,155
-0,155
-0,16
-0,165
-0,165
-0,17
-0,175
-0,175
-0,18
-0,185
-0,185
-0,185
-0,185
-0,185
-0,185
-0,185
-0,185
-0,185
-0,185
-0,185
-0,18
-0,18
-0,18
-0,18
-0,18
-0,185
-0,185
-0,185
-0,19
-0,19
-0,195
-0,195
-0,195
-0,2
-0,2
-0,2
-0,2
-0,2
-0,195
-0,195
-0,195
-0,19
-0,185
-0,185
-0,18
-0,175
-0,17
-0,165
-0,165
-0,16
-0,155
-0,15
-0,145
-0,14
-0,14
-0,135
-0,13
-0,13
-0,125
-0,12
-0,115
-0,11
-0,105
-0,105
-0,1
-0,095
-0,09
-0,085
-0,085
-0,08
-0,08
-0,075
-0,075
-0,075
-0,075
-0,075
-0,075
-0,075
-0,08
-0,08
-0,08
-0,085
-0,085
-0,085
-0,085
-0,085
-0,085
-0,08
-0,08
-0,08
-0,08
-0,075
-0,075
-0,075
-0,07
-0,07
-0,065
-0,065
-0,06
-0,06
-0,06
-0,055
-0,055
-0,055
-0,05
-0,05
-0,045
-0,045
-0,045
-0,04
-0,04
-0,04
-0,04
-0,04
-0,04
-0,035
-0,035
-0,035
-0,035
-0,035
-0,04
-0,04
-0,04
-0,04
-0,04
-0,045
-0,045
-0,045
-0,045
-0,045
-0,045
-0,045
-0,045
-0,045
-0,045
-0,045
-0,045
-0,04
-0,04
-0,04
-0,04
-0,04
-0,045
-0,045
-0,045
-0,045
-0,045
-0,045
-0,045
-0,045
-0,045
-0,045
-0,045
-0,045
-0,045
-0,045
-0,045
-0,04
-0,04
-0,04
-0,04
-0,04
-0,04
-0,04
-0,04
-0,04
-0,04
-0,04
-0,035
-0,035
-0,035
-0,035
-0,035
-0,035
-0,035
-0,035
-0,035
-0,03
-0,03
-0,03
-0,03
-0,025
-0,025
-0,025
-0,025
-0,02
-0,02
-0,02
-0,015
-0,015
-0,015
-0,01
-0,01
-0,005
-0,005
0
0
0
0,005
0,005
0,005
0
0
0
0
0
0
-0,005
-0,01
-0,01
-0,015
-0,015
-0,02
-0,025
-0,025
-0,025
-0,03
-0,03
-0,035
-0,035
-0,04
-0,04
-0,04
-0,04
-0,04
-0,045
-0,045
-0,04
-0,04
-0,04
-0,04
-0,035
-0,035
-0,03
-0,03
-0,025
-0,025
-0,02
-0,02
-0,02
-0,02
-0,02
-0,02
-0,02
-0,02
-0,02
-0,02
-0,02
-0,015
-0,015
-0,015
-0,015
-0,015
-0,015
-0,015
-0,015
-0,015
-0,015
-0,015
-0,015
-0,015
-0,015
-0,01
-0,01
-0,01
-0,01
-0,005
-0,005
-0,005
-0,005
-0,01
-0,01
-0,015
-0,015
-0,02
-0,02
-0,025
-0,03
-0,03
-0,035
-0,035
-0,04
-0,04
-0,04
-0,045
-0,045
-0,045
-0,05
-0,05
-0,05
-0,05
-0,055
-0,055
-0,055
-0,055
-0,055
-0,055
-0,05
-0,05
-0,05
-0,05
-0,05
-0,05
-0,05
-0,05
-0,045
-0,045
-0,045
-0,045
-0,045
-0,045
-0,045
-0,04
-0,04
-0,04
-0,035
-0,035
-0,03
-0,03
-0,025
-0,025
-0,025
-0,02
-0,02
-0,015
-0,015
-0,015
-0,01
-0,01
-0,005
-0,005
-0,005
0
0
0,005
0,005
0,005
0,01
0,01
0,01
0,01
0,01
0,01
0,01
0,01
0,01
0,01
0,015
0,015
0,015
0,02
0,02
0,02
0,025
0,025
0,025
0,025
0,025
0,025
0,025
0,025
0,025
0,025
0,025
0,025
0,02
0,02
0,02
0,02
0,02
0,02
0,02
0,015
0,015
0,015
0,02
0,02
0,02
0,02
0,025
0,025
0,025
0,025
0,025
0,025
0,02
0,02
0,02
0,02
0,02
0,015
0,015
0,02
0,02
0,02
0,02
0,02
0,02
0,02
0,02
0,015
0,015
0,015
0,015
0,015
0,015
0,015
0,015
0,015
0,015
0,015
0,02
0,02
0,02
0,02
0,02
0,02
0,02
0,02
0,02
0,015
0,015
0,015
0,015
0,015
0,015
0,015
0,015
0,015
0,015
0,015
0,015
0,015
0,015
0,015
0,015
0,015
0,015
0,01
0,01
0,01
0,01
0,01
0,01
0,005
0,005
0,005
0,005
0,005
0
0
0
0
0
0
0
0
0
0
0
0
0
0
0
0
0
0
0
-0,005
-0,005
-0,005
-0,005
-0,01
-0,01
-0,01
-0,015
-0,015
-0,015
-0,02
-0,02
-0,025
-0,025
-0,025
-0,025
-0,03
-0,03
-0,03
-0,03
-0,03
-0,03
-0,035
-0,035
-0,035
-0,035
-0,035
-0,035
-0,035
-0,035
-0,035
-0,035
-0,035
-0,035
-0,04
-0,04
-0,04
-0,04
-0,04
-0,04
-0,04
-0,04
-0,04
-0,04
-0,045
-0,045
-0,045
-0,045
-0,045
-0,045
-0,05
-0,05
-0,05
-0,05
-0,05
-0,05
-0,05
-0,05
-0,05
-0,05
-0,05
-0,045
-0,045
-0,045
-0,045
-0,045
-0,045
-0,045
-0,045
-0,045
-0,045
-0,045
-0,045
-0,045
-0,045
-0,045
-0,045
-0,045
-0,045
-0,045
-0,05
-0,05
-0,05
-0,05
-0,05
-0,05
-0,05
-0,05
-0,05
-0,05
-0,05
-0,05
-0,05
-0,05
-0,05
-0,055
-0,055
-0,055
-0,055
-0,055
-0,055
-0,055
-0,055
-0,055
-0,055
-0,055
-0,055
-0,055
-0,055
-0,055
-0,055
-0,055
-0,06
-0,06
-0,06
-0,06
-0,06
-0,06
-0,06
-0,06
-0,06
-0,06
-0,06
-0,06
-0,06
-0,06
-0,06
-0,055
-0,055
-0,055
-0,05
-0,05
-0,05
-0,045
-0,045
-0,045
-0,045
-0,045
-0,05
-0,05
-0,055
-0,055
-0,06
-0,06
-0,065
-0,065
-0,065
-0,065
-0,07
-0,07
-0,07
-0,07
-0,065
-0,065
-0,065
-0,07
-0,07
-0,07
-0,07
-0,07
-0,07
-0,075
-0,075
-0,075
-0,075
-0,075
-0,075
-0,075
-0,075
-0,075
-0,07
-0,07
-0,065
-0,065
-0,065
-0,06
-0,06
-0,055
-0,055
-0,055
-0,05
-0,05
-0,05
-0,05
-0,045
-0,045
-0,045
-0,045
-0,045
-0,04
-0,04
-0,04
-0,04
-0,035
-0,035
-0,035
-0,03
-0,03
-0,03
-0,025
-0,025
-0,025
-0,02
-0,02
-0,02
-0,02
-0,02
-0,02
-0,02
-0,02
-0,025
-0,025
-0,025
-0,03
-0,03
-0,03
-0,035
-0,035
-0,035
-0,04
-0,04
-0,04
-0,04
-0,045
-0,045
-0,045
-0,045
-0,05
-0,05
-0,05
-0,05
-0,055
-0,055
-0,055
-0,055
-0,06
-0,06
-0,065
-0,065
-0,07
-0,07
-0,07
-0,07
-0,075
-0,075
-0,075
-0,075
-0,075
-0,075
-0,075
-0,075
-0,07
-0,07
-0,07
-0,07
-0,065
-0,065
-0,065
-0,065
-0,065
-0,065
-0,07
-0,07
-0,07
-0,075
-0,075
-0,075
-0,08
-0,08
-0,085
-0,085
-0,09
-0,09
-0,09
-0,09
-0,095
-0,095
-0,095
-0,095
-0,095
-0,095
-0,095
-0,095
-0,095
-0,09
-0,09
-0,09
-0,09
-0,09
-0,09
-0,09
-0,09
-0,085
-0,085
-0,085
-0,085
-0,09
-0,09
-0,09
-0,09
-0,09
-0,09
-0,085
-0,085
-0,085
-0,085
-0,09
-0,09
-0,09
-0,09
-0,09
-0,09
-0,09
-0,09
-0,09
-0,09
-0,085
-0,085
-0,085
-0,085
-0,085
-0,085
-0,085
-0,085
-0,085
-0,085
-0,085
-0,085
-0,085
-0,085
-0,085
-0,085
-0,09
-0,09
-0,09
-0,09
-0,09
-0,09
-0,09
-0,085
-0,085
-0,085
-0,085
-0,085
-0,085
-0,085
-0,085
-0,08
-0,08
-0,08
-0,08
-0,075
-0,075
-0,075
-0,075
-0,075
-0,075
-0,075
-0,075
-0,07
-0,07
-0,07
-0,07
-0,065
-0,065
-0,065
-0,065
-0,065
-0,065
-0,065
-0,065
-0,065
-0,07
-0,07
-0,075
-0,075
-0,08
-0,08
-0,085
-0,085
-0,085
-0,09
-0,09
-0,09
-0,09
-0,09
-0,09
-0,09
-0,085
-0,085
-0,085
-0,08
-0,075
-0,07
-0,06
-0,055
-0,045
-0,03
-0,02
-0,005
0,01
0,03
0,055
0,08
0,11
0,14
0,18
0,22
0,27
0,32
0,38
0,44
0,505
0,575
0,645
0,715
0,785
0,86
0,93
0,995
1,06
1,125
1,185
1,24
1,29
1,33
1,365
1,395
1,415
1,425
1,435
1,435
1,425
1,415
1,395
1,375
1,345
1,315
1,275
1,23
1,18
1,13
1,07
1,01
0,945
0,875
0,805
0,735
0,66
0,59
0,515
0,45
0,385
0,32
0,265
0,21
0,16
0,12
0,075
0,04
0,005
-0,02
-0,045
-0,07
-0,09
-0,105
-0,115
-0,125
-0,135
-0,14
-0,145
-0,15
-0,155
-0,16
-0,165
-0,165
-0,17
-0,175
-0,175
-0,18
-0,185
-0,185
-0,19
-0,19
-0,195
-0,195
-0,195
-0,195
-0,195
-0,195
-0,195
-0,195
-0,195
-0,19
-0,19
-0,195
-0,195
-0,195
-0,195
-0,2
-0,2
-0,2
-0,205
-0,205
-0,21
-0,215
-0,215
-0,22
-0,22
-0,225
-0,225
-0,22
-0,22
-0,22
-0,215
-0,21
-0,205
-0,2
-0,195
-0,19
-0,185
-0,18
-0,175
-0,17
-0,165
-0,16
-0,16
-0,155
-0,15
-0,145
-0,14
-0,14
-0,135
-0,13
-0,13
-0,125
-0,12
-0,12
-0,115
-0,115
-0,11
-0,11
-0,11
-0,105
-0,105
-0,105
-0,105
-0,1
-0,1
-0,095
-0,095
-0,09
-0,09
-0,085
-0,085
-0,085
-0,08
-0,08
-0,08
-0,075
-0,075
-0,075
-0,07
-0,07
-0,065
-0,065
-0,065
-0,06
-0,06
-0,06
-0,06
-0,06
-0,06
-0,06
-0,06
-0,06
-0,06
-0,06
-0,06
-0,06
-0,06
-0,065
-0,065
-0,065
-0,065
-0,065
-0,065
-0,065
-0,065
-0,065
-0,065
-0,07
-0,07
-0,07
-0,065
-0,065
-0,065
-0,065
-0,065
-0,065
-0,06
-0,06
-0,06
-0,06
-0,06
-0,06
-0,055
-0,055
-0,055
-0,05
-0,05
-0,05
-0,05
-0,05
-0,055
-0,055
-0,055
-0,055
-0,06
-0,06
-0,06
-0,06
-0,06
-0,06
-0,06
-0,055
-0,055
-0,055
-0,05
-0,05
-0,05
-0,045
-0,045
-0,045
-0,04
-0,04
-0,035
-0,035
-0,035
-0,03
-0,03
-0,03
-0,025
-0,025
-0,025
-0,02
-0,02
-0,015
-0,015
-0,015
-0,01
-0,01
-0,01
-0,005
-0,005
-0,005
0
0
0
0
0
0
0,005
0,005
0,005
0,005
0,01
0,01
0,01
0,01
0,01
0,015
0,015
0,015
0,015
0,02
0,02
0,02
0,02
0,02
0,02
0,02
0,02
0,02
0,02
0,02
0,015
0,015
0,015
0,015
0,015
0,015
0,01
0,01
0,01
0,01
0,01
0,01
0,01
0,01
0,015
0,015
0,015
0,015
0,015
0,01
0,01
0,01
0,01
0,005
0
0
0
-0,005
-0,005
-0,005
-0,005
-0,01
-0,01
-0,01
-0,01
-0,005
-0,005
-0,005
-0,005
-0,005
0
0
0
0
0,005
0,005
0,01
0,01
0,01
0,015
0,015
0,015
0,015
0,01
0,01
0,01
0,01
0,01
0,01
0,01
0,01
0,01
0,01
0,01
0,01
0,01
0,01
0,005
0,005
0,005
0
0
0
-0,005
-0,005
-0,01
-0,01
-0,015
-0,015
-0,015
-0,02
-0,02
-0,02
-0,02
-0,02
-0,02
-0,02
-0,02
-0,02
-0,015
-0,015
-0,015
-0,01
-0,01
-0,015
-0,015
-0,015
-0,015
-0,02
-0,02
-0,02
-0,02
-0,025
-0,025
-0,025
-0,03
-0,03
-0,03
-0,03
-0,03
-0,03
-0,03
-0,025
-0,025
-0,025
-0,025
-0,025
-0,025
-0,02
-0,02
-0,02
-0,02
-0,02
-0,015
-0,015
-0,015
-0,015
-0,01
-0,01
-0,01
-0,01
-0,005
-0,005
0
0
0
0
0
0
0,005
0,005
0,005
0,005
0,005
0,005
0,01
0,01
0,01
0,01
0,01
0,01
0,01
0,01
0,01
0,01
0,01
0,01
0,015
0,015
0,015
0,01
0,01
0,01
0,01
0,01
0,01
0,005
0,005
0,005
0,005
0,005
0,005
0,005
0,01
0,01
0,01
0,01
0,015
0,015
0,015
0,015
0,015
0,015
0,015
0,015
0,02
0,02
0,02
0,025
0,025
0,025
0,025
0,025
0,025
0,025
0,025
0,025
0,02
0,02
0,02
0,015
0,015
0,01
0,01
0,01
0,005
0,005
0,005
0
0
0
0
0
0
0
0
0
0
0
0
0
0
0
0
0
0
0
0
0
0
0,005
0,005
0,005
0,01
0,01
0,01
0,01
0,01
0,01
0,015
0,015
0,015
0,015
0,015
0,015
0,015
0,01
0,01
0,01
0,01
0,01
0,005
0,005
0,005
0
0
0
0
0
-0,005
-0,005
-0,005
-0,005
-0,01
-0,01
-0,01
-0,01
-0,01
-0,01
-0,01
-0,01
-0,01
-0,01
-0,005
-0,005
0
0
0
0,005
0,005
0,005
0,01
0,01
0,01
0,01
0,005
0,005
0,005
0
0
-0,005
-0,005
-0,01
-0,015
-0,015
-0,02
-0,02
-0,02
-0,025
-0,025
-0,03
-0,03
-0,03
-0,03
-0,035
-0,035
-0,035
-0,035
-0,035
-0,035
-0,04
-0,04
-0,04
-0,04
-0,04
-0,04
-0,04
-0,04
-0,04
-0,035
-0,035
-0,035
-0,035
-0,03
-0,03
-0,03
-0,03
-0,03
-0,03
-0,03
-0,03
-0,03
-0,03
-0,03
-0,03
-0,03
-0,035
-0,035
-0,035
-0,035
-0,035
-0,035
-0,035
-0,035
-0,04
-0,04
-0,04
-0,04
-0,04
-0,04
-0,04
-0,04
-0,045
-0,045
-0,045
-0,045
-0,05
-0,05
-0,05
-0,055
-0,055
-0,055
-0,055
-0,055
-0,055
-0,055
-0,055
-0,055
-0,05
-0,05
-0,045
-0,045
-0,04
-0,04
-0,04
-0,035
-0,035
-0,035
-0,035
-0,03
-0,03
-0,03
-0,03
-0,03
-0,03
-0,03
-0,025
-0,025
-0,025
-0,025
-0,03
-0,03
-0,03
-0,035
-0,035
-0,04
-0,04
-0,045
-0,045
-0,05
-0,05
-0,055
-0,055
-0,06
-0,06
-0,065
-0,065
-0,065
-0,065
-0,065
-0,065
-0,065
-0,065
-0,065
-0,065
-0,06
-0,06
-0,06
-0,055
-0,055
-0,055
-0,05
-0,05
-0,05
-0,05
-0,045
-0,045
-0,045
-0,045
-0,045
-0,045
-0,045
-0,045
-0,045
-0,05
-0,05
-0,05
-0,05
-0,055
-0,055
-0,055
-0,055
-0,055
-0,055
-0,055
-0,055
-0,055
-0,055
-0,05
-0,05
-0,05
-0,05
-0,05
-0,05
-0,05
-0,05
-0,045
-0,045
-0,045
-0,045
-0,045
-0,045
-0,045
-0,045
-0,045
-0,05
-0,05
-0,05
-0,05
-0,045
-0,045
-0,045
-0,04
-0,04
-0,035
-0,03
-0,03
-0,025
-0,02
-0,02
-0,015
-0,01
-0,01
-0,01
-0,01
-0,01
-0,01
-0,015
-0,015
-0,02
-0,02
-0,025
-0,03
-0,035
-0,04
-0,04
-0,045
-0,045
-0,05
-0,055
-0,055
-0,06
-0,06
-0,065
-0,065
-0,07
-0,075
-0,075
-0,075
-0,08
-0,08
-0,08
-0,08
-0,08
-0,08
-0,08
-0,08
-0,08
-0,08
-0,08
-0,085
-0,085
-0,085
-0,085
-0,09
-0,09
-0,09
-0,095
-0,095
-0,095
-0,095
-0,1
-0,1
-0,1
-0,105
-0,105
-0,105
-0,11
-0,11
-0,11
-0,11
-0,115
-0,115
-0,115
-0,115
-0,11
-0,11
-0,11
-0,11
-0,11
-0,11
-0,11
-0,11
-0,105
-0,105
-0,105
-0,1
-0,1
-0,1
-0,095
-0,095
-0,095
-0,095
-0,095
-0,09
-0,09
-0,09
-0,09
-0,09
-0,09
-0,09
-0,09
-0,09
-0,095
-0,095
-0,095
-0,095
-0,095
-0,095
-0,095
-0,09
-0,09
-0,095
-0,095
-0,095
-0,095
-0,1
-0,1
-0,1
-0,1
-0,105
-0,105
-0,105
-0,105
-0,105
-0,105
-0,105
-0,105
-0,105
-0,105
-0,105
-0,105
-0,105
-0,105
-0,105
-0,11
-0,11
-0,11
-0,115
-0,115
-0,115
-0,115
-0,115
-0,115
-0,115
-0,11
-0,11
-0,11
-0,105
-0,105
-0,1
-0,1
-0,1
-0,095
-0,095
-0,095
-0,095
-0,09
-0,09
-0,09
-0,09
-0,09
-0,09
-0,09
-0,09
-0,09
-0,09
-0,09
-0,09
-0,09
-0,09
-0,09
-0,09
-0,095
-0,095
-0,095
-0,095
-0,095
-0,095
-0,095
-0,095
-0,095
-0,09
-0,09
-0,085
-0,085
-0,08
-0,075
-0,075
-0,07
-0,07
-0,07
-0,065
-0,065
-0,06
-0,055
-0,05
-0,045
-0,04
-0,035
-0,025
-0,015
-0,005
0,005
0,02
0,04
0,055
0,08
0,105
0,13
0,165
0,205
0,245
0,295
0,345
0,4
0,46
0,525
0,585
0,65
0,72
0,785
0,85
0,915
0,975
1,035
1,09
1,145
1,19
1,23
1,265
1,29
1,31
1,325
1,33
1,33
1,32
1,31
1,29
1,265
1,24
1,205
1,165
1,125
1,075
1,025
0,965
0,905
0,845
0,78
0,71
0,645
0,575
0,505
0,44
0,375
0,315
0,26
0,205
0,16
0,115
0,075
0,04
0,01
-0,02
-0,045
-0,07
-0,085
-0,105
-0,115
-0,13
-0,135
-0,145
-0,15
-0,155
-0,16
-0,16
-0,165
-0,165
-0,17
-0,175
-0,175
-0,18
-0,185
-0,19
-0,195
-0,2
-0,205
-0,21
-0,215
-0,215
-0,215
-0,215
-0,215
-0,215
-0,215
-0,215
-0,215
-0,21
-0,21
-0,21
-0,205
-0,205
-0,205
-0,205
-0,205
-0,205
-0,205
-0,21
-0,21
-0,21
-0,21
-0,21
-0,21
-0,21
-0,205
-0,205
-0,2
-0,2
-0,195
-0,19
-0,185
-0,18
-0,175
-0,17
-0,165
-0,16
-0,15
-0,145
-0,14
-0,135
-0,13
-0,12
-0,115
-0,11
-0,105
-0,105
-0,1
-0,095
-0,09
-0,085
-0,085
-0,08
-0,075
-0,075
-0,075
-0,07
-0,07
-0,065
-0,065
-0,065
-0,06
-0,06
-0,055
-0,055
-0,055
-0,055
-0,055
-0,055
-0,055
-0,055
-0,06
-0,06
-0,06
-0,065
-0,065
-0,065
-0,065
-0,065
-0,065
-0,065
-0,065
-0,065
-0,06
-0,06
-0,06
-0,06
-0,06
-0,055
-0,055
-0,055
-0,055
-0,055
-0,055
-0,055
-0,055
-0,055
-0,055
-0,055
-0,06
-0,06
-0,06
-0,06
-0,06
-0,06
-0,06
-0,06
-0,06
-0,06
-0,06
-0,06
-0,06
-0,06
-0,055
-0,055
-0,055
-0,055
-0,055
-0,055
-0,05
-0,05
-0,05
-0,05
-0,045
-0,045
-0,045
-0,045
-0,04
-0,04
-0,04
-0,035
-0,035
-0,03
-0,03
-0,03
-0,025
-0,025
-0,025
-0,025
-0,02
-0,02
-0,02
-0,02
-0,02
-0,015
-0,015
-0,015
-0,015
-0,015
-0,015
-0,015
-0,015
-0,015
-0,01
-0,01
-0,01
-0,01
-0,005
-0,005
0
0
0
0
0
0,005
0,005
0,005
0,005
0,005
0,005
0,005
0,005
0,01
0,01
0,01
0,01
0,01
0,01
0,01
0,01
0,015
0,015
0,02
0,02
0,02
0,025
0,025
0,025
0,025
0,025
0,03
0,03
0,03
0,03
0,03
0,03
0,03
0,035
0,035
0,035
0,04
0,04
0,04
0,04
0,04
0,045
0,045
0,045
0,045
0,045
0,045
0,04
0,04
0,04
0,04
0,04
0,035
0,035
0,035
0,035
0,035
0,035
0,035
0,035
0,035
0,035
0,035
0,04
0,04
0,04
0,04
0,045
0,045
0,045
0,045
0,045
0,045
0,04
0,04
0,04
0,04
0,04
0,035
0,035
0,03
0,03
0,03
0,03
0,03
0,03
0,025
0,025
0,025
0,025
0,025
0,025
0,025
0,025
0,025
0,02
0,02
0,02
0,02
0,02
0,02
0,02
0,02
0,02
0,02
0,02
0,02
0,02
0,015
0,015
0,015
0,015
0,01
0,01
0,01
0,01
0,005
0,005
0,005
0
0
0
0
-0,005
-0,005
-0,005
-0,01
-0,01
-0,015
-0,015
-0,02
-0,02
-0,025
-0,025
-0,025
-0,025
-0,03
-0,03
-0,03
-0,03
-0,03
-0,03
-0,025
-0,025
-0,025
-0,02
-0,02
-0,015
-0,015
-0,01
-0,01
-0,01
-0,005
-0,005
-0,005
0
0
0
0
0
0
0
0,005
0,005
0,005
0,005
0,005
0,005
0,005
0,005
0,005
0,005
0,005
0,005
0,005
0,005
0,005
0,005
0,005
0,01
0,01
0,01
0,01
0,01
0,01
0,01
0,01
0,01
0,01
0,01
0,01
0,01
0,01
0,01
0,01
0,01
0,01
0,01
0,01
0,01
0,01
0,01
0,01
0,01
0,01
0,01
0,01
0,01
0,01
0,01
0,01
0,01
0,01
0,005
0,005
0
0
0
0
-0,005
-0,005
-0,005
-0,005
-0,005
-0,005
-0,005
-0,005
-0,005
0
0
0
0
0
0
0
0
0
0
0
0
0
-0,005
-0,005
-0,005
-0,005
-0,005
-0,01
-0,01
-0,01
-0,01
-0,01
-0,005
-0,005
-0,005
0
0
0
0
0
0,005
0,005
0,005
0,005
0
0
0
0
0
0
0
0
-0,005
-0,005
-0,005
-0,01
-0,01
-0,015
-0,015
-0,02
-0,02
-0,02
-0,02
-0,02
-0,02
-0,02
-0,025
-0,025
-0,025
-0,025
-0,025
-0,025
-0,025
-0,025
-0,03
-0,03
-0,03
-0,03
-0,03
-0,03
-0,035
-0,035
-0,035
-0,035
-0,035
-0,04
-0,04
-0,04
-0,035
-0,035
-0,035
-0,035
-0,035
-0,03
-0,03
-0,03
-0,03
-0,03
-0,03
-0,03
-0,025
-0,025
-0,025
-0,025
-0,025
-0,025
-0,025
-0,025
-0,03
-0,03
-0,03
-0,035
-0,035
-0,04
-0,04
-0,04
-0,04
-0,04
-0,04
-0,04
-0,04
-0,04
-0,045
-0,045
-0,045
-0,045
-0,045
-0,045
-0,05
-0,05
-0,05
-0,05
-0,05
-0,05
-0,05
-0,05
-0,05
-0,05
-0,05
-0,045
-0,045
-0,045
-0,045
-0,045
-0,045
-0,045
-0,045
-0,045
-0,05
-0,05
-0,05
-0,055
-0,055
-0,055
-0,06
-0,06
-0,06
-0,06
-0,06
-0,06
-0,06
-0,06
-0,06
-0,06
-0,06
-0,06
-0,06
-0,06
-0,06
-0,06
-0,06
-0,06
-0,065
-0,065
-0,065
-0,065
-0,065
-0,07
-0,07
-0,07
-0,07
-0,075
-0,075
-0,075
-0,075
-0,075
-0,075
-0,07
-0,07
-0,07
-0,065
-0,065
-0,065
-0,06
-0,06
-0,06
-0,055
-0,055
-0,055
-0,06
-0,06
-0,06
-0,06
-0,06
-0,06
-0,065
-0,065
-0,065
-0,065
-0,065
-0,065
-0,065
-0,065
-0,065
-0,065
-0,065
-0,065
-0,065
-0,06
-0,06
-0,06
-0,06
-0,06
-0,06
-0,065
-0,065
-0,065
-0,065
-0,065
-0,07
-0,07
-0,07
-0,07
-0,075
-0,075
-0,075
-0,075
-0,075
-0,08
-0,08
-0,08
-0,08
-0,08
-0,08
-0,08
-0,08
-0,08
-0,08
-0,08
-0,075
-0,08
-0,08
-0,08
-0,08
-0,08
-0,08
-0,08
-0,075
-0,075
-0,075
-0,075
-0,075
-0,07
-0,07
-0,07
-0,065
-0,065
-0,065
-0,065
-0,06
-0,06
-0,06
-0,06
-0,055
-0,055
-0,055
-0,055
-0,055
-0,05
-0,05
-0,05
-0,05
-0,045
-0,045
-0,045
-0,04
-0,04
-0,04
-0,035
-0,035
-0,03
-0,03
-0,03
-0,03
-0,03
-0,03
-0,03
-0,03
-0,03
-0,03
-0,03
-0,03
-0,03
-0,03
-0,03
-0,03
-0,035
-0,035
-0,035
-0,035
-0,04
-0,04
-0,04
-0,045
-0,045
-0,045
-0,05
-0,05
-0,055
-0,055
-0,06
-0,06
-0,06
-0,065
-0,065
-0,065
-0,065
-0,065
-0,065
-0,065
-0,065
-0,065
-0,065
-0,065
-0,065
-0,07
-0,07
-0,07
-0,07
-0,07
-0,075
-0,075
-0,075
-0,075
-0,08
-0,08
-0,08
-0,085
-0,085
-0,09
-0,09
-0,095
-0,095
-0,095
-0,095
-0,095
-0,095
-0,095
-0,095
-0,095
-0,095
-0,09
-0,09
-0,09
-0,09
-0,09
-0,09
-0,09
-0,085
-0,085
-0,085
-0,085
-0,09
-0,09
-0,09
-0,09
-0,09
-0,095
-0,095
-0,095
-0,095
-0,095
-0,095
-0,095
-0,095
-0,095
-0,095
-0,095
-0,095
-0,095
-0,095
-0,095
-0,095
-0,09
-0,09
-0,09
-0,09
-0,09
-0,09
-0,09
-0,09
-0,09
-0,09
-0,09
-0,09
-0,09
-0,09
-0,09
-0,09
-0,09
-0,09
-0,09
-0,09
-0,09
-0,09
-0,09
-0,09
-0,09
-0,085
-0,085
-0,085
-0,085
-0,085
-0,085
-0,085
-0,085
-0,085
-0,08
-0,08
-0,08
-0,08
-0,075
-0,075
-0,07
-0,07
-0,065
-0,065
-0,065
-0,065
-0,065
-0,065
-0,065
-0,065
-0,065
-0,065
-0,06
-0,06
-0,06
-0,06
-0,06
-0,06
-0,06
-0,06
-0,055
-0,055
-0,055
-0,055
-0,055
-0,055
-0,055
-0,055
-0,06
-0,06
-0,065
-0,065
-0,065
-0,065
-0,07
-0,07
-0,07
-0,07
-0,07
-0,07
-0,065
-0,065
-0,06
-0,06
-0,055
-0,05
-0,045
-0,04
-0,03
-0,025
-0,015
-0,005
0,005
0,02
0,035
0,05
0,07
0,09
0,115
0,145
0,18
0,22
0,26
0,31
0,36
0,42
0,475
0,535
0,6
0,665
0,73
0,79
0,855
0,915
0,975
1,035
1,085
1,135
1,175
1,21
1,24
1,265
1,275
1,285
1,285
1,28
1,27
1,255
1,235
1,21
1,175
1,145
1,105
1,06
1,015
0,965
0,915
0,86
0,8
0,74
0,68
0,62
0,555
0,495
0,435
0,38
0,325
0,275
0,23
0,185
0,145
0,11
0,075
0,045
0,02
-0,005
-0,03
-0,05
-0,065
-0,08
-0,095
-0,105
-0,115
-0,12
-0,125
-0,13
-0,135
-0,14
-0,14
-0,145
-0,145
-0,15
-0,155
-0,155
-0,16
-0,16
-0,165
-0,165
-0,17
-0,17
-0,175
-0,175
-0,175
-0,175
-0,175
-0,17
-0,17
-0,17
-0,17
-0,17
-0,17
-0,17
-0,17
-0,17
-0,175
-0,175
-0,175
-0,18
-0,18
-0,185
-0,185
-0,185
-0,185
-0,185
-0,185
-0,185
-0,185
-0,185
-0,18
-0,18
-0,175
-0,175
-0,17
-0,165
-0,165
-0,16
-0,155
-0,15
-0,145
-0,14
-0,135
-0,13
-0,125
-0,115
-0,11
-0,105
-0,105
-0,1
-0,095
-0,09
-0,085
-0,085
-0,08
-0,08
-0,075
-0,075
-0,075
-0,07
-0,07
-0,07
-0,07
-0,065
-0,065
-0,065
-0,065
-0,065
-0,065
-0,06
-0,06
-0,06
-0,055
-0,055
-0,055
-0,05
-0,05
-0,05
-0,045
-0,045
-0,045
-0,045
-0,045
-0,045
-0,045
-0,045
-0,045
-0,045
-0,045
-0,045
-0,045
-0,045
-0,045
-0,045
-0,045
-0,045
-0,045
-0,045
-0,045
-0,045
-0,045
-0,045
-0,045
-0,045
-0,04
-0,04
-0,04
-0,04
-0,04
-0,04
-0,04
-0,04
-0,04
-0,04
-0,04
-0,04
-0,04
-0,04
-0,035
-0,035
-0,035
-0,03
-0,03
-0,03
-0,025
-0,025
-0,025
-0,025
-0,025
-0,025
-0,025
-0,025
-0,025
-0,025
-0,025
-0,025
-0,02
-0,02
-0,02
-0,02
-0,015
-0,015
-0,015
-0,015
-0,015
-0,015
-0,015
-0,015
-0,015
-0,015
-0,015
-0,015
-0,015
-0,015
-0,015
-0,015
-0,015
-0,01
-0,01
-0,005
-0,005
0
0
0
0,005
0,005
0,005
0,01
0,01
0,01
0,01
0,01
0,01
0,01
0,01
0,01
0,01
0,01
0,01
0,01
0,005
0,005
0,005
0,005
0,005
0,005
0,01
0,01
0,01
0,01
0,01
0,015
0,015
0,015
0,02
0,02
0,025
0,025
0,03
0,03
0,03
0,03
0,035
0,035
0,035
0,035
0,035
0,035
0,035
0,03
0,03
0,03
0,025
0,025
0,02
0,02
0,015
0,015
0,01
0,01
0,01
0,005
0,005
0,005
0
0
0
0
0
0
0
0
0
0
0
0
0
0
0
0
0
0
0,005
0,005
0,005
0,005
0,01
0,01
0,01
0,01
0,01
0,01
0,01
0,01
0,01
0,01
0,01
0,01
0,01
0,01
0,01
0,01
0,01
0,01
0,01
0,005
0,005
0,005
0,005
0
0
0
-0,005
-0,005
-0,005
-0,01
-0,01
-0,01
-0,015
-0,015
-0,02
-0,02
-0,02
-0,025
-0,025
-0,025
-0,03
-0,03
-0,03
-0,03
-0,03
-0,03
-0,035
-0,035
-0,035
-0,035
-0,035
-0,035
-0,035
-0,035
-0,035
-0,03
-0,03
-0,025
-0,025
-0,02
-0,02
-0,015
-0,015
-0,015
-0,01
-0,01
-0,01
-0,01
-0,01
-0,005
-0,005
-0,005
-0,005
0
0
0
0
0
0
0,005
0,005
0,005
0,005
0,005
0,005
0,005
0,005
0,01
0,01
0,01
0,01
0,01
0,005
0,005
0,005
0,005
0,005
0,005
0,005
0,01
0,01
0,01
0,01
0,01
0,01
0,01
0,015
0,015
0,015
0,015
0,02
0,02
0,02
0,02
0,025
0,025
0,025
0,025
0,03
0,03
0,03
0,03
0,03
0,03
0,03
0,03
0,03
0,025
0,025
0,025
0,02
0,02
0,02
0,015
0,015
0,01
0,01
0,01
0,005
0,005
0
0
0
0
0
-0,005
-0,005
0
0
0
0
0
0
0
0
0
0
0,005
0,005
0,005
0,005
0,005
0,005
0,005
0,005
0,005
0
0
0
0
0
-0,005
-0,005
-0,01
-0,01
-0,01
-0,015
-0,015
-0,015
-0,015
-0,02
-0,02
-0,02
-0,015
-0,015
-0,015
-0,015
-0,015
-0,015
-0,01
-0,01
-0,01
-0,005
-0,005
-0,005
0
0
0
0
0
0
0
0
0
0
0
-0,005
-0,005
-0,01
-0,01
-0,015
-0,015
-0,02
-0,02
-0,025
-0,025
-0,025
-0,03
-0,03
-0,03
-0,03
-0,03
-0,025
-0,025
-0,025
-0,025
-0,02
-0,02
-0,02
-0,02
-0,025
-0,025
-0,025
-0,025
-0,03
-0,03
-0,03
-0,03
-0,03
-0,035
-0,035
-0,035
-0,035
-0,035
-0,035
-0,04
-0,04
-0,04
-0,04
-0,045
-0,045
-0,045
-0,045
-0,045
-0,045
-0,045
-0,045
-0,045
-0,045
-0,045
-0,045
-0,045
-0,05
-0,05
-0,05
-0,05
-0,05
-0,05
-0,05
-0,05
-0,05
-0,05
-0,055
-0,055
-0,055
-0,055
-0,055
-0,055
-0,055
-0,055
-0,055
-0,055
-0,055
-0,055
-0,055
-0,055
-0,05
-0,05
-0,05
-0,05
-0,05
-0,05
-0,055
-0,055
-0,055
-0,06
-0,06
-0,06
-0,06
-0,06
-0,06
-0,06
-0,055
-0,055
-0,055
-0,05
-0,05
-0,05
-0,045
-0,045
-0,045
-0,045
-0,045
-0,045
-0,045
-0,05
-0,05
-0,05
-0,055
-0,055
-0,055
-0,055
-0,055
-0,055
-0,06
-0,06
-0,065
-0,065
-0,065
-0,065
-0,07
-0,07
-0,07
-0,075
-0,075
-0,075
-0,075
-0,075
-0,075
-0,075
-0,075
-0,075
-0,075
-0,075
-0,075
-0,075
-0,075
-0,07
-0,07
-0,07
-0,065
-0,065
-0,065
-0,06
-0,06
-0,055
-0,055
-0,055
-0,055
-0,055
-0,055
-0,055
-0,055
-0,06
-0,06
-0,06
-0,06
-0,06
-0,065
-0,065
-0,065
-0,06
-0,06
-0,06
-0,06
-0,06
-0,06
-0,06
-0,06
-0,06
-0,06
-0,06
-0,06
-0,06
-0,065
-0,065
-0,065
-0,065
-0,065
-0,065
-0,065
-0,065
-0,065
-0,065
-0,06
-0,06
-0,06
-0,06
-0,06
-0,06
-0,06
-0,06
-0,06
-0,06
-0,06
-0,055
-0,055
-0,055
-0,055
-0,055
-0,055
-0,05
-0,05
-0,05
-0,045
-0,045
-0,04
-0,04
-0,04
-0,04
-0,04
-0,035
-0,035
-0,035
-0,03
-0,03
-0,03
-0,03
-0,025
-0,025
-0,025
-0,025
-0,025
-0,025
-0,025
-0,025
-0,025
-0,03
-0,03
-0,03
-0,03
-0,035
-0,035
-0,035
-0,035
-0,04
-0,04
-0,04
-0,045
-0,045
-0,05
-0,05
-0,055
-0,055
-0,055
-0,06
-0,06
-0,065
-0,065
-0,065
-0,07
-0,07
-0,075
-0,075
-0,075
-0,08
-0,08
-0,08
-0,08
-0,08
-0,08
-0,075
-0,075
-0,075
-0,075
-0,075
-0,075
-0,075
-0,08
-0,08
-0,08
-0,08
-0,085
-0,085
-0,085
-0,09
-0,09
-0,095
-0,095
-0,095
-0,1
-0,1
-0,1
-0,1
-0,1
-0,1
-0,1
-0,095
-0,095
-0,095
-0,09
-0,09
-0,09
-0,09
-0,09
-0,09
-0,09
-0,095
-0,095
-0,095
-0,095
-0,1
-0,1
-0,1
-0,1
-0,1
-0,1
-0,1
-0,1
-0,1
-0,1
-0,1
-0,1
-0,1
-0,1
-0,1
-0,1
-0,1
-0,1
-0,1
-0,1
-0,1
-0,1
-0,1
-0,095
-0,095
-0,095
-0,095
-0,095
-0,095
-0,095
-0,095
-0,095
-0,09
-0,09
-0,09
-0,095
-0,095
-0,095
-0,095
-0,095
-0,095
-0,095
-0,095
-0,095
-0,095
-0,095
-0,095
-0,095
-0,095
-0,1
-0,1
-0,1
-0,1
-0,1
-0,1
-0,1
-0,1
-0,1
-0,1
-0,1
-0,1
-0,095
-0,095
-0,09
-0,09
-0,085
-0,085
-0,08
-0,08
-0,08
-0,08
-0,08
-0,08
-0,08
-0,08
-0,08
-0,08
-0,08
-0,08
-0,08
-0,08
-0,08
-0,08
-0,08
-0,08
-0,08
-0,08
-0,08
-0,08
-0,08
-0,075
-0,075
-0,075
-0,075
-0,075
-0,075
-0,075
-0,075
-0,075
-0,075
-0,07
-0,07
-0,065
-0,06
-0,055
-0,05
-0,04
-0,03
-0,015
0
0,02
0,04
0,07
0,1
0,135
0,17
0,215
0,265
0,32
0,38
0,44
0,505
0,575
0,65
0,72
0,795
0,865
0,94
1,005
1,075
1,135
1,195
1,245
1,29
1,33
1,365
1,385
1,4
1,41
1,415
1,41
1,395
1,38
1,36
1,33
1,3
1,265
1,225
1,185
1,135
1,085
1,025
0,965
0,905
0,84
0,77
0,7
0,63
0,565
0,5
0,435
0,37
0,315
0,26
0,21
0,165
0,12
0,085
0,05
0,015
-0,01
-0,04
-0,06
-0,08
-0,1
-0,11
-0,125
-0,135
-0,145
-0,15
-0,155
-0,16
-0,165
-0,17
-0,17
-0,175
-0,175
-0,175
-0,18
-0,18
-0,18
-0,18
-0,185
-0,185
-0,185
-0,185
-0,185
-0,19
-0,19
-0,19
-0,19
-0,195
-0,195
-0,195
-0,2
-0,205
-0,205
-0,21
-0,215
-0,215
-0,22
-0,22
-0,225
-0,225
-0,23
-0,23
-0,23
-0,23
-0,23
-0,23
-0,23
-0,225
-0,225
-0,22
-0,215
-0,21
-0,205
-0,205
-0,2
-0,195
-0,19
-0,185
-0,18
-0,175
-0,17
-0,165
-0,16
-0,15
-0,145
-0,14
-0,135
-0,13
-0,12
-0,12
-0,115
-0,11
-0,105
-0,105
-0,1
-0,1
-0,095
-0,095
-0,09
-0,085
-0,085
-0,085
-0,08
-0,08
-0,08
-0,08
-0,075
-0,075
-0,08
-0,08
-0,08
-0,08
-0,08
-0,08
-0,08
-0,08
-0,08
-0,08
-0,08
-0,08
-0,08
-0,075
-0,075
-0,075
-0,07
-0,07
-0,07
-0,065
-0,065
-0,065
-0,06
-0,06
-0,055
-0,055
-0,055
-0,055
-0,055
-0,05
-0,055
-0,055
-0,055
-0,055
-0,055
-0,055
-0,06
-0,06
-0,06
-0,06
-0,06
-0,06
-0,06
-0,06
-0,06
-0,06
-0,06
-0,06
-0,06
-0,055
-0,055
-0,055
-0,05
-0,05
-0,05
-0,045
-0,045
-0,045
-0,045
-0,045
-0,045
-0,045
-0,045
-0,045
-0,045
-0,045
-0,045
-0,045
-0,045
-0,045
-0,045
-0,045
-0,05
-0,05
-0,05
-0,05
-0,05
-0,05
-0,05
-0,05
-0,05
-0,05
-0,05
-0,05
-0,045
-0,045
-0,045
-0,04
-0,04
-0,035
-0,035
-0,03
-0,03
-0,025
-0,025
-0,02
-0,02
-0,02
-0,015
-0,015
-0,015
-0,015
-0,01
-0,01
-0,01
-0,01
-0,01
-0,01
-0,01
-0,01
-0,01
-0,01
-0,01
-0,01
-0,01
-0,01
-0,01
-0,01
-0,005
-0,005
-0,005
-0,005
-0,005
-0,005
0
0
0
0
0
0
0
0
-0,005
-0,005
-0,005
-0,005
-0,01
-0,01
-0,01
-0,01
-0,01
-0,01
-0,01
-0,01
-0,01
-0,01
-0,01
-0,01
-0,01
-0,01
-0,01
-0,01
-0,01
-0,01
-0,015
-0,015
-0,02
-0,02
-0,025
-0,025
-0,03
-0,035
-0,035
-0,035
-0,04
-0,04
-0,035
-0,035
-0,035
-0,03
-0,03
-0,03
-0,025
-0,025
-0,025
-0,025
-0,02
-0,02
-0,02
-0,02
-0,02
-0,02
-0,02
-0,02
-0,02
-0,02
-0,02
-0,02
-0,02
-0,02
-0,02
-0,02
-0,02
-0,02
-0,02
-0,02
-0,02
-0,02
-0,02
-0,02
-0,02
-0,02
-0,02
-0,02
-0,02
-0,02
-0,02
-0,02
-0,02
-0,02
-0,025
-0,025
-0,025
-0,025
-0,03
-0,03
-0,03
-0,03
-0,03
-0,03
-0,03
-0,03
-0,03
-0,03
-0,03
-0,035
-0,035
-0,035
-0,035
-0,035
-0,03
-0,03
-0,03
-0,03
-0,025
-0,025
-0,02
-0,02
-0,02
-0,02
-0,02
-0,02
-0,02
-0,02
-0,015
-0,015
-0,015
-0,015
-0,015
-0,01
-0,01
-0,01
-0,005
-0,005
0
0
0
0
0,005
0,005
0,005
0,005
0,005
0,005
0,005
0,01
0,01
0,01
0,01
0,01
0,01
0,01
0,01
0,015
0,015
0,015
0,015
0,015
0,02
0,02
0,02
0,02
0,02
0,02
0,02
0,02
0,02
0,02
0,02
0,02
0,02
0,02
0,02
0,02
0,015
0,015
0,015
0,015
0,015
0,01
0,01
0,01
0,01
0,01
0,01
0,01
0,01
0,01
0,015
0,015
0,015
0,015
0,02
0,02
0,02
0,02
0,02
0,02
0,02
0,02
0,02
0,02
0,02
0,02
0,02
0,02
0,02
0,02
0,02
0,02
0,02
0,025
0,025
0,025
0,025
0,025
0,025
0,025
0,025
0,025
0,025
0,02
0,02
0,02
0,02
0,02
0,02
0,015
0,015
0,015
0,015
0,015
0,015
0,015
0,015
0,015
0,015
0,01
0,01
0,01
0,01
0,01
0,005
0,005
0,005
0
0
0
0
-0,005
-0,005
-0,005
-0,01
-0,01
-0,01
-0,01
-0,015
-0,015
-0,015
-0,015
-0,02
-0,02
-0,02
-0,02
-0,02
-0,02
-0,02
-0,02
-0,02
-0,02
-0,02
-0,02
-0,02
-0,025
-0,025
-0,025
-0,025
-0,025
-0,025
-0,03
-0,025
-0,025
-0,025
-0,025
-0,025
-0,025
-0,025
-0,025
-0,025
-0,025
-0,02
-0,02
-0,02
-0,02
-0,025
-0,025
-0,025
-0,025
-0,025
-0,025
-0,025
-0,025
-0,025
-0,025
-0,025
-0,025
-0,025
-0,025
-0,025
-0,025
-0,03
-0,03
-0,03
-0,03
-0,03
-0,035
-0,035
-0,035
-0,04
-0,04
-0,04
-0,04
-0,04
-0,04
-0,04
-0,04
-0,04
-0,04
-0,04
-0,04
-0,04
-0,04
-0,04
-0,04
-0,04
-0,04
-0,04
-0,045
-0,045
-0,045
-0,045
-0,05
-0,05
-0,05
-0,05
-0,05
-0,055
-0,055
-0,055
-0,055
-0,055
-0,055
-0,055
-0,05
-0,05
-0,05
-0,045
-0,045
-0,045
-0,04
-0,04
-0,04
-0,035
-0,035
-0,035
-0,035
-0,035
-0,035
-0,035
-0,035
-0,035
-0,04
-0,04
-0,04
-0,045
-0,045
-0,045
-0,05
-0,05
-0,055
-0,055
-0,055
-0,06
-0,06
-0,06
-0,06
-0,065
-0,065
-0,065
-0,065
-0,065
-0,065
-0,065
-0,065
-0,065
-0,065
-0,06
-0,06
-0,055
-0,05
-0,05
-0,045
-0,045
-0,04
-0,04
-0,035
-0,035
-0,035
-0,03
-0,03
-0,03
-0,03
-0,035
-0,035
-0,04
-0,04
-0,045
-0,045
-0,05
-0,055
-0,055
-0,06
-0,06
-0,065
-0,065
-0,065
-0,07
-0,07
-0,07
-0,07
-0,075
-0,075
-0,075
-0,075
-0,075
-0,075
-0,08
-0,08
-0,08
-0,08
-0,08
-0,08
-0,08
-0,08
-0,075
-0,075
-0,075
-0,07
-0,07
-0,07
-0,065
-0,06
-0,06
-0,055
-0,055
-0,05
-0,05
-0,045
-0,045
-0,045
-0,04
-0,04
-0,04
-0,04
-0,04
-0,04
-0,04
-0,04
-0,04
-0,04
-0,035
-0,035
-0,035
-0,03
-0,03
-0,025
-0,025
-0,02
-0,02
-0,02
-0,02
-0,02
-0,025
-0,025
-0,025
-0,025
-0,03
-0,03
-0,035
-0,035
-0,04
-0,04
-0,045
-0,045
-0,045
-0,045
-0,05
-0,05
-0,05
-0,05
-0,05
-0,05
-0,05
-0,045
-0,045
-0,05
-0,05
-0,05
-0,05
-0,055
-0,055
-0,06
-0,06
-0,065
-0,065
-0,065
-0,065
-0,065
-0,065
-0,065
-0,065
-0,07
-0,07
-0,07
-0,07
-0,07
-0,075
-0,075
-0,08
-0,08
-0,085
-0,085
-0,09
-0,09
-0,095
-0,095
-0,1
-0,1
-0,105
-0,105
-0,105
-0,105
-0,11
-0,11
-0,11
-0,11
-0,11
-0,11
-0,11
-0,11
-0,11
-0,11
-0,11
-0,11
-0,105
-0,105
-0,105
-0,105
-0,105
-0,105
-0,105
-0,105
-0,1
-0,1
-0,1
-0,095
-0,095
-0,095
-0,095
-0,095
-0,095
-0,095
-0,1
-0,1
-0,1
-0,1
-0,1
-0,1
-0,1
-0,1
-0,105
-0,105
-0,105
-0,105
-0,105
-0,105
-0,105
-0,105
-0,105
-0,105
-0,105
-0,105
-0,105
-0,105
-0,105
-0,105
-0,105
-0,105
-0,105
-0,105
-0,105
-0,105
-0,105
-0,105
-0,105
-0,105
-0,105
-0,105
-0,105
-0,105
-0,105
-0,105
-0,105
-0,105
-0,1
-0,1
-0,1
-0,095
-0,095
-0,095
-0,09
-0,09
-0,09
-0,085
-0,085
-0,085
-0,085
-0,08
-0,08
-0,08
-0,08
-0,08
-0,08
-0,08
-0,08
-0,08
-0,08
-0,08
-0,08
-0,08
-0,085
-0,085
-0,09
-0,09
-0,095
-0,095
-0,095
-0,1
-0,1
-0,1
-0,105
-0,105
-0,105
-0,105
-0,1
-0,1
-0,1
-0,095
-0,095
-0,095
-0,09
-0,085
-0,08
-0,075
-0,07
-0,065
-0,055
-0,045
-0,035
-0,025
-0,015
0
0,01
0,03
0,045
0,065
0,09
0,115
0,145
0,185
0,22
0,27
0,32
0,37
0,43
0,49
0,555
0,62
0,69
0,755
0,825
0,89
0,955
1,02
1,08
1,14
1,19
1,24
1,28
1,315
1,34
1,355
1,365
1,37
1,37
1,36
1,345
1,325
1,3
1,27
1,235
1,19
1,145
1,095
1,04
0,985
0,92
0,855
0,79
0,72
0,645
0,575
0,505
0,44
0,375
0,315
0,26
0,21
0,16
0,12
0,08
0,045
0,015
-0,015
-0,04
-0,06
-0,08
-0,095
-0,105
-0,12
-0,13
-0,135
-0,145
-0,15
-0,155
-0,16
-0,16
-0,165
-0,17
-0,17
-0,175
-0,175
-0,18
-0,185
-0,185
-0,19
-0,19
-0,195
-0,195
-0,195
-0,2
-0,195
-0,195
-0,195
-0,195
-0,195
-0,19
-0,19
-0,19
-0,19
-0,195
-0,195
-0,195
-0,2
-0,205
-0,205
-0,21
-0,21
-0,215
-0,22
-0,22
-0,22
-0,225
-0,22
-0,22
-0,22
-0,215
-0,21
-0,205
-0,2
-0,195
-0,19
-0,18
-0,175
-0,17
-0,165
-0,16
-0,15
-0,145
-0,14
-0,135
-0,13
-0,125
-0,12
-0,12
-0,115
-0,11
-0,11
-0,105
-0,105
-0,1
-0,095
-0,095
-0,09
-0,085
-0,085
-0,08
-0,075
-0,075
-0,07
-0,07
-0,065
-0,065
-0,065
-0,06
-0,06
-0,06
-0,06
-0,06
-0,06
-0,06
-0,06
-0,06
-0,06
-0,06
-0,055
-0,055
-0,055
-0,05
-0,05
-0,05
-0,045
-0,045
-0,045
-0,045
-0,04
-0,04
-0,04
-0,04
-0,04
-0,04
-0,04
-0,035
-0,035
-0,035
-0,035
-0,035
-0,035
-0,035
-0,04
-0,04
-0,04
-0,04
-0,045
-0,045
-0,045
-0,045
-0,05
-0,05
-0,05
-0,05
-0,05
-0,05
-0,05
-0,05
-0,05
-0,05
-0,05
-0,05
-0,05
-0,05
-0,05
-0,045
-0,045
-0,045
-0,04
-0,04
-0,035
-0,035
-0,03
-0,03
-0,03
-0,03
-0,03
-0,03
-0,03
-0,03
-0,03
-0,03
-0,03
-0,03
-0,03
-0,03
-0,03
-0,025
-0,025
-0,025
-0,025
-0,025
-0,025
-0,025
-0,025
-0,025
-0,025
-0,02
-0,02
-0,02
-0,015
-0,015
-0,01
-0,01
-0,005
-0,005
0
0
0
0,005
0,005
0,01
0,01
0,015
0,015
0,02
0,02
0,02
0,025
0,025
0,025
0,03
0,03
0,03
0,035
0,035
0,035
0,035
0,035
0,035
0,035
0,04
0,04
0,04
0,04
0,04
0,04
0,045
0,045
0,045
0,045
0,045
0,05
0,05
0,045
0,045
0,045
0,045
0,045
0,045
0,04
0,04
0,04
0,04
0,04
0,035
0,035
0,035
0,03
0,03
0,03
0,03
0,03
0,025
0,025
0,025
0,025
0,03
0,03
0,03
0,03
0,03
0,03
0,03
0,03
0,03
0,03
0,03
0,03
0,03
0,03
0,03
0,03
0,03
0,03
0,03
0,035
0,035
0,035
0,035
0,04
0,04
0,04
0,045
0,045
0,045
0,045
0,045
0,045
0,045
0,045
0,045
0,04
0,04
0,04
0,035
0,035
0,03
0,03
0,03
0,025
0,025
0,02
0,02
0,02
0,015
0,015
0,015
0,01
0,01
0,005
0,005
0
0
-0,005
-0,005
-0,005
-0,005
-0,005
-0,005
-0,005
-0,005
-0,005
-0,005
-0,005
-0,005
-0,005
-0,005
-0,005
-0,005
-0,005
0
0
0
0
0
0
0
0
0
0
0
0
0
0
0
0
0
0
0
0
0
0
0
0
0
0
0
0
0
0
0
0
0
0
0,005
0,005
0,005
0,005
0,005
0,01
0,01
0,01
0,01
0,01
0,01
0,005
0,005
0,005
0,005
0,005
0,005
0,005
0,005
0,005
0,01
0,01
0,01
0,01
0,015
0,015
0,015
0,02
0,02
0,02
0,02
0,02
0,02
0,02
0,02
0,02
0,02
0,02
0,015
0,015
0,015
0,01
0,01
0,01
0,005
0,005
0,005
0,005
0,005
0,005
0,01
0,01
0,01
0,015
0,015
0,015
0,015
0,02
0,02
0,02
0,02
0,02
0,02
0,02
0,02
0,02
0,02
0,02
0,02
0,02
0,02
0,015
0,015
0,015
0,015
0,015
0,015
0,015
0,015
0,01
0,01
0,01
0,01
0,005
0,005
0,005
0
0
0
0
0
0
0
0
0
0
0,005
0,005
0,005
0,01
0,01
0,01
0,015
0,015
0,015
0,02
0,02
0,02
0,02
0,015
0,015
0,015
0,015
0,01
0,01
0,01
0,005
0
0
-0,005
-0,01
-0,01
-0,015
-0,02
-0,02
-0,025
-0,03
-0,03
-0,035
-0,035
-0,04
-0,04
-0,045
-0,045
-0,045
-0,045
-0,045
-0,045
-0,045
-0,045
-0,045
-0,045
-0,04
-0,04
-0,04
-0,035
-0,035
-0,035
-0,035
-0,035
-0,035
-0,035
-0,035
-0,035
-0,035
-0,035
-0,035
-0,035
-0,035
-0,035
-0,035
-0,035
-0,035
-0,035
-0,035
-0,035
-0,035
-0,035
-0,035
-0,035
-0,03
-0,03
-0,03
-0,03
-0,03
-0,03
-0,03
-0,03
-0,03
-0,035
-0,035
-0,035
-0,035
-0,04
-0,04
-0,04
-0,045
-0,045
-0,045
-0,045
-0,045
-0,045
-0,04
-0,04
-0,04
-0,035
-0,035
-0,035
-0,035
-0,035
-0,03
-0,03
-0,03
-0,03
-0,03
-0,035
-0,035
-0,035
-0,035
-0,035
-0,035
-0,04
-0,04
-0,04
-0,04
-0,04
-0,045
-0,045
-0,045
-0,045
-0,05
-0,05
-0,05
-0,05
-0,055
-0,055
-0,055
-0,055
-0,06
-0,06
-0,06
-0,06
-0,06
-0,06
-0,065
-0,065
-0,065
-0,065
-0,06
-0,06
-0,06
-0,06
-0,055
-0,055
-0,055
-0,055
-0,055
-0,055
-0,05
-0,05
-0,05
-0,05
-0,05
-0,05
-0,05
-0,05
-0,05
-0,05
-0,05
-0,05
-0,05
-0,05
-0,05
-0,05
-0,05
-0,045
-0,045
-0,05
-0,05
-0,05
-0,05
-0,055
-0,055
-0,055
-0,055
-0,055
-0,055
-0,05
-0,05
-0,05
-0,05
-0,05
-0,05
-0,05
-0,05
-0,055
-0,055
-0,055
-0,055
-0,055
-0,055
-0,055
-0,06
-0,06
-0,06
-0,06
-0,06
-0,06
-0,065
-0,065
-0,065
-0,065
-0,07
-0,07
-0,07
-0,075
-0,075
-0,075
-0,075
-0,07
-0,07
-0,07
-0,07
-0,065
-0,065
-0,065
-0,065
-0,06
-0,06
-0,06
-0,06
-0,06
-0,06
-0,055
-0,055
-0,055
-0,055
-0,05
-0,05
-0,05
-0,05
-0,05
-0,05
-0,045
-0,045
-0,045
-0,045
-0,04
-0,04
-0,035
-0,035
-0,035
-0,03
-0,03
-0,03
-0,025
-0,025
-0,025
-0,025
-0,025
-0,025
-0,025
-0,025
-0,025
-0,03
-0,03
-0,03
-0,03
-0,035
-0,035
-0,04
-0,04
-0,04
-0,045
-0,045
-0,05
-0,05
-0,055
-0,055
-0,06
-0,06
-0,065
-0,065
-0,07
-0,07
-0,07
-0,07
-0,07
-0,07
-0,07
-0,07
-0,07
-0,07
-0,07
-0,07
-0,075
-0,075
-0,075
-0,08
-0,08
-0,085
-0,085
-0,085
-0,09
-0,095
-0,095
-0,1
-0,1
-0,105
-0,105
-0,105
-0,11
-0,11
-0,11
-0,105
-0,105
-0,105
-0,105
-0,1
-0,1
-0,1
-0,095
-0,095
-0,095
-0,095
-0,095
-0,095
-0,09
-0,09
-0,09
-0,09
-0,09
-0,09
-0,09
-0,09
-0,09
-0,09
-0,09
-0,09
-0,09
-0,09
-0,09
-0,09
-0,09
-0,095
-0,095
-0,095
-0,095
-0,095
-0,095
-0,095
-0,095
-0,095
-0,095
-0,095
-0,1
-0,1
-0,1
-0,1
-0,105
-0,105
-0,105
-0,105
-0,105
-0,105
-0,105
-0,11
-0,11
-0,11
-0,11
-0,11
-0,11
-0,11
-0,11
-0,11
-0,11
-0,11
-0,105
-0,105
-0,105
-0,105
-0,105
-0,105
-0,105
-0,105
-0,105
-0,105
-0,105
-0,11
-0,11
-0,11
-0,11
-0,11
-0,11
-0,11
-0,11
-0,11
-0,11
-0,11
-0,11
-0,11
-0,11
-0,11
-0,105
-0,105
-0,105
-0,105
-0,105
-0,105
-0,1
-0,1
-0,1
-0,1
-0,1
-0,1
-0,1
-0,1
-0,105
-0,105
-0,105
-0,105
-0,11
-0,11
-0,11
-0,11
-0,11
-0,11
-0,11
-0,11
-0,11
-0,11
-0,105
-0,105
-0,105
-0,1
-0,095
-0,09
-0,085
-0,08
-0,075
-0,065
-0,055
-0,045
-0,035
-0,02
-0,005
0,01
0,03
0,05
0,07
0,095
0,125
0,16
0,195
0,24
0,285
0,335
0,385
0,445
0,505
0,565
0,63
0,69
0,755
0,82
0,88
0,94
1
1,055
1,105
1,155
1,19
1,225
1,245
1,265
1,275
1,28
1,28
1,27
1,26
1,24
1,22
1,19
1,16
1,125
1,085
1,04
0,99
0,94
0,88
0,82
0,76
0,695
0,63
0,56
0,495
0,43
0,365
0,305
0,25
0,2
0,15
0,11
0,07
0,035
0
-0,025
-0,05
-0,075
-0,095
-0,11
-0,125
-0,135
-0,145
-0,155
-0,165
-0,175
-0,18
-0,185
-0,195
-0,2
-0,205
-0,21
-0,215
-0,215
-0,22
-0,225
-0,23
-0,23
-0,235
-0,235
-0,24
-0,24
-0,24
-0,24
-0,24
-0,24
-0,235
-0,235
-0,235
-0,23
-0,23
-0,23
-0,23
-0,23
-0,23
-0,23
-0,23
-0,23
-0,23
-0,23
-0,23
-0,23
-0,23
-0,225
-0,225
-0,225
-0,22
-0,22
-0,215
-0,215
-0,21
-0,205
-0,205
-0,2
-0,195
-0,19
-0,185
-0,175
-0,17
-0,165
-0,16
-0,15
-0,145
-0,14
-0,13
-0,125
-0,12
-0,115
-0,11
-0,11
-0,105
-0,1
-0,1
-0,095
-0,095
-0,09
-0,09
-0,085
-0,085
-0,08
-0,08
-0,075
-0,075
-0,075
-0,07
-0,07
-0,07
-0,07
-0,07
-0,07
-0,07
-0,07
-0,07
-0,07
-0,07
-0,07
-0,065
-0,065
-0,065
-0,065
-0,06
-0,06
-0,06
-0,055
-0,055
-0,055
-0,05
-0,05
-0,05
-0,05
-0,05
-0,05
-0,045
-0,045
-0,045
-0,045
-0,045
-0,045
-0,045
-0,045
-0,045
-0,045
-0,045
-0,045
-0,045
-0,045
-0,045
-0,045
-0,04
-0,04
-0,04
-0,04
-0,035
-0,035
-0,035
-0,035
-0,035
-0,035
-0,035
-0,03
-0,03
-0,03
-0,03
-0,03
-0,025
-0,025
-0,025
-0,025
-0,02
-0,02
-0,02
-0,02
-0,02
-0,02
-0,02
-0,02
-0,02
-0,02
-0,02
-0,02
-0,02
-0,015
-0,015
-0,015
-0,01
-0,01
-0,01
-0,01
-0,01
-0,01
-0,01
-0,01
-0,01
-0,01
-0,01
-0,01
-0,01
-0,01
-0,01
-0,005
-0,005
-0,005
-0,005
0
0
0
0
0
0,005
0,005
0,01
0,01
0,01
0,015
0,015
0,015
0,02
0,02
0,02
0,02
0,015
0,015
0,015
0,015
0,015
0,015
0,015
0,015
0,015
0,02
0,02
0,02
0,02
0,025
0,025
0,025
0,03
0,03
0,03
0,03
0,035
0,035
0,035
0,035
0,035
0,035
0,035
0,035
0,035
0,035
0,035
0,035
0,035
0,035
0,035
0,04
0,04
0,04
0,04
0,04
0,04
0,04
0,035
0,035
0,03
0,03
0,03
0,025
0,025
0,02
0,02
0,02
0,015
0,015
0,015
0,015
0,015
0,015
0,015
0,015
0,02
0,02
0,02
0,025
0,025
0,03
0,03
0,03
0,035
0,035
0,035
0,035
0,035
0,035
0,035
0,03
0,03
0,03
0,025
0,025
0,025
0,02
0,02
0,02
0,015
0,015
0,01
0,01
0,01
0,005
0,005
0,005
0,005
0,005
0
0
0
0
0
0
0
0
-0,005
-0,005
-0,005
-0,005
-0,005
-0,01
-0,01
-0,01
-0,01
-0,01
-0,01
-0,01
-0,01
-0,01
-0,01
-0,01
-0,01
-0,01
-0,01
-0,01
-0,01
-0,005
-0,005
-0,005
0
0
0
0
0
0,005
0,005
0,005
0,005
0,01
0,01
0,01
0,01
0,01
0,015
0,015
0,015
0,015
0,015
0,015
0,015
0,015
0,015
0,015
0,015
0,02
0,02
0,02
0,02
0,02
0,025
0,025
0,025
0,025
0,025
0,03
0,03
0,03
0,03
0,025
0,025
0,025
0,025
0,02
0,02
0,02
0,02
0,02
0,02
0,015
0,015
0,015
0,015
0,015
0,015
0,015
0,015
0,015
0,02
0,02
0,02
0,02
0,02
0,02
0,02
0,02
0,015
0,015
0,01
0,01
0,01
0,005
0,005
0,005
0,005
0,005
0
0
0
0
0
0,005
0,005
0,005
0,005
0,005
0,005
0,005
0,005
0,005
0,005
0,005
0,005
0,005
0
0
0
0
0
0
0
0
0
0
0
0,005
0,005
0,005
0,005
0,005
0,005
0,005
0,005
0,005
0,005
0,005
0,005
0,005
0,005
0,005
0,005
0,005
0
0
0
0
0
0
-0,005
-0,005
-0,005
-0,005
-0,01
-0,01
-0,01
-0,01
-0,01
-0,01
-0,015
-0,015
-0,015
-0,015
-0,015
-0,015
-0,02
-0,02
-0,02
-0,02
-0,02
-0,02
-0,025
-0,025
-0,025
-0,025
-0,025
-0,03
-0,03
-0,03
-0,03
-0,03
-0,03
-0,03
-0,025
-0,025
-0,025
-0,03
-0,03
-0,03
-0,03
-0,035
-0,035
-0,04
-0,04
-0,04
-0,04
-0,04
-0,04
-0,04
-0,045
-0,045
-0,045
-0,045
-0,045
-0,045
-0,045
-0,045
-0,045
-0,045
-0,045
-0,045
-0,045
-0,05
-0,05
-0,05
-0,05
-0,05
-0,05
-0,05
-0,05
-0,05
-0,05
-0,045
-0,05
-0,05
-0,05
-0,05
-0,05
-0,05
-0,055
-0,055
-0,055
-0,055
-0,06
-0,06
-0,06
-0,06
-0,06
-0,06
-0,06
-0,06
-0,055
-0,055
-0,055
-0,055
-0,055
-0,055
-0,055
-0,055
-0,055
-0,055
-0,055
-0,06
-0,06
-0,06
-0,06
-0,06
-0,06
-0,06
-0,06
-0,065
-0,065
-0,065
-0,065
-0,065
-0,07
-0,07
-0,07
-0,07
-0,065
-0,065
-0,065
-0,065
-0,06
-0,06
-0,06
-0,055
-0,055
-0,055
-0,05
-0,05
-0,05
-0,05
-0,05
-0,055
-0,055
-0,055
-0,055
-0,055
-0,055
-0,06
-0,06
-0,06
-0,06
-0,06
-0,06
-0,06
-0,065
-0,065
-0,065
-0,065
-0,065
-0,065
-0,065
-0,065
-0,065
-0,065
-0,06
-0,06
-0,055
-0,055
-0,055
-0,055
-0,05
-0,05
-0,05
-0,05
-0,05
-0,05
-0,055
-0,055
-0,055
-0,055
-0,055
-0,06
-0,06
-0,06
-0,065
-0,065
-0,065
-0,065
-0,07
-0,07
-0,07
-0,07
-0,07
-0,07
-0,07
-0,07
-0,07
-0,07
-0,07
-0,07
-0,07
-0,07
-0,07
-0,07
-0,07
-0,07
-0,07
-0,065
-0,065
-0,065
-0,065
-0,065
-0,065
-0,065
-0,065
-0,065
-0,07
-0,07
-0,07
-0,07
-0,07
-0,065
-0,065
-0,065
-0,06
-0,06
-0,055
-0,05
-0,045
-0,045
-0,04
-0,035
-0,035
-0,03
-0,025
-0,025
-0,02
-0,02
-0,015
-0,015
-0,015
-0,015
-0,01
-0,01
-0,01
-0,01
-0,01
-0,015
-0,015
-0,015
-0,015
-0,015
-0,02
-0,02
-0,02
-0,025
-0,03
-0,03
-0,035
-0,04
-0,04
-0,045
-0,05
-0,05
-0,055
-0,055
-0,055
-0,06
-0,06
-0,06
-0,06
-0,06
-0,06
-0,06
-0,06
-0,06
-0,06
-0,055
-0,055
-0,055
-0,055
-0,055
-0,05
-0,05
-0,05
-0,055
-0,055
-0,055
-0,055
-0,055
-0,06
-0,06
-0,06
-0,06
-0,065
-0,065
-0,065
-0,065
-0,07
-0,07
-0,07
-0,07
-0,075
-0,075
-0,075
-0,08
-0,08
-0,08
-0,08
-0,08
-0,085
-0,085
-0,085
-0,085
-0,085
-0,085
-0,085
-0,085
-0,085
-0,085
-0,085
-0,085
-0,085
-0,085
-0,085
-0,085
-0,085
-0,085
-0,085
-0,085
-0,085
-0,085
-0,085
-0,085
-0,085
-0,085
-0,085
-0,085
-0,085
-0,08
-0,08
-0,075
-0,075
-0,07
-0,07
-0,065
-0,065
-0,065
-0,06
-0,06
-0,055
-0,055
-0,055
-0,055
-0,055
-0,055
-0,055
-0,055
-0,055
-0,055
-0,055
-0,055
-0,06
-0,06
-0,06
-0,06
-0,065
-0,065
-0,07
-0,07
-0,075
-0,075
-0,08
-0,08
-0,085
-0,085
-0,085
-0,085
-0,09
-0,085
-0,085
-0,085
-0,085
-0,085
-0,085
-0,08
-0,08
-0,08
-0,075
-0,07
-0,07
-0,065
-0,065
-0,06
-0,06
-0,06
-0,055
-0,055
-0,055
-0,055
-0,055
-0,055
-0,055
-0,06
-0,06
-0,06
-0,065
-0,065
-0,065
-0,065
-0,065
-0,07
-0,07
-0,07
-0,07
-0,07
-0,07
-0,07
-0,07
-0,065
-0,065
-0,065
-0,065
-0,06
-0,06
-0,055
-0,055
-0,05
-0,05
-0,045
-0,045
-0,04
-0,035
-0,025
-0,02
-0,01
0,005
0,02
0,035
0,055
0,08
0,105
0,14
0,175
0,215
0,26
0,31
0,365
0,42
0,48
0,545
0,615
0,68
0,75
0,82
0,89
0,955
1,02
1,08
1,14
1,19
1,24
1,28
1,315
1,345
1,365
1,375
1,38
1,38
1,37
1,355
1,335
1,31
1,28
1,245
1,205
1,16
1,115
1,07
1,015
0,96
0,9
0,84
0,775
0,71
0,645
0,575
0,515
0,45
0,39
0,335
0,28
0,23
0,185
0,14
0,105
0,065
0,035
0,005
-0,02
-0,045
-0,06
-0,075
-0,09
-0,1
-0,105
-0,11
-0,115
-0,12
-0,125
-0,13
-0,135
-0,14
-0,14
-0,145
-0,15
-0,155
-0,16
-0,16
-0,165
-0,17
-0,175
-0,175
-0,175
-0,18
-0,18
-0,18
-0,18
-0,18
-0,175
-0,175
-0,175
-0,175
-0,175
-0,175
-0,175
-0,18
-0,18
-0,185
-0,19
-0,19
-0,195
-0,2
-0,2
-0,205
-0,205
-0,21
-0,21
-0,21
-0,205
-0,2
-0,195
-0,19
-0,185
-0,175
-0,17
-0,165
-0,16
-0,155
-0,15
-0,15
-0,145
-0,14
-0,14
-0,135
-0,13
-0,13
-0,125
-0,125
-0,12
-0,12
-0,115
-0,115
-0,11
-0,11
-0,105
-0,105
-0,105
-0,1
-0,095
-0,095
-0,095
-0,09
-0,09
-0,085
-0,085
-0,085
-0,08
-0,08
-0,08
-0,075
-0,075
-0,075
-0,075
-0,07
-0,07
-0,07
-0,07
-0,07
-0,065
-0,065
-0,065
-0,065
-0,06
-0,06
-0,06
-0,06
-0,055
-0,055
-0,055
-0,055
-0,055
-0,055
-0,055
-0,055
-0,055
-0,055
-0,055
-0,055
-0,06
-0,06
-0,06
-0,06
-0,06
-0,055
-0,055
-0,055
-0,055
-0,055
-0,055
-0,055
-0,055
-0,055
-0,05
-0,05
-0,05
-0,05
-0,045
-0,045
-0,045
-0,045
-0,045
-0,045
-0,04
-0,04
-0,04
-0,04
-0,04
-0,035
-0,035
-0,035
-0,035
-0,035
-0,035
-0,035
-0,035
-0,03
-0,03
-0,03
-0,03
-0,03
-0,03
-0,03
-0,03
-0,035
-0,035
-0,035
-0,035
-0,04
-0,04
-0,045
-0,045
-0,05
-0,05
-0,05
-0,05
-0,05
-0,05
-0,05
-0,045
-0,045
-0,045
-0,04
-0,04
-0,04
-0,04
-0,035
-0,035
-0,035
-0,035
-0,035
-0,035
-0,03
-0,03
-0,03
-0,025
-0,025
-0,025
-0,02
-0,02
-0,015
-0,015
-0,01
-0,01
-0,01
-0,01
-0,01
-0,01
-0,01
-0,01
-0,01
-0,01
-0,01
-0,01
-0,01
-0,01
-0,01
-0,015
-0,015
-0,015
-0,015
-0,01
-0,01
-0,01
-0,01
-0,01
-0,01
-0,01
-0,01
-0,01
-0,01
-0,015
-0,015
-0,015
-0,015
-0,015
-0,015
-0,02
-0,02
-0,02
-0,02
-0,02
-0,02
-0,02
-0,02
-0,025
-0,025
-0,025
-0,03
-0,03
-0,035
-0,035
-0,04
-0,04
-0,045
-0,045
-0,045
-0,05
-0,05
-0,05
-0,055
-0,055
-0,055
-0,055
-0,055
-0,05
-0,05
-0,045
-0,045
-0,04
-0,04
-0,04
-0,035
-0,035
-0,03
-0,03
-0,03
-0,03
-0,025
-0,025
-0,025
-0,02
-0,02
-0,02
-0,015
-0,015
-0,015
-0,015
-0,01
-0,015
-0,015
-0,015
-0,015
-0,02
-0,02
-0,02
-0,025
-0,025
-0,03
-0,03
-0,035
-0,035
-0,035
-0,04
-0,04
-0,04
-0,04
-0,04
-0,04
-0,04
-0,04
-0,04
-0,04
-0,045
-0,045
-0,045
-0,045
-0,045
-0,045
-0,045
-0,045
-0,04
-0,04
-0,04
-0,04
-0,035
-0,035
-0,03
-0,03
-0,03
-0,025
-0,025
-0,02
-0,02
-0,02
-0,015
-0,015
-0,015
-0,01
-0,01
-0,01
-0,005
-0,005
-0,005
-0,005
0
0
0
0
0
0
0
0
0,005
0,005
0,005
0,01
0,01
0,01
0,01
0,015
0,015
0,02
0,02
0,02
0,02
0,025
0,025
0,025
0,025
0,025
0,025
0,03
0,03
0,03
0,03
0,03
0,03
0,03
0,03
0,03
0,03
0,03
0,03
0,03
0,03
0,03
0,03
0,025
0,025
0,025
0,025
0,025
0,025
0,025
0,025
0,025
0,03
0,03
0,03
0,035
0,035
0,04
0,04
0,04
0,045
0,045
0,05
0,055
0,055
0,06
0,06
0,065
0,065
0,065
0,06
0,06
0,06
0,06
0,055
0,055
0,055
0,055
0,05
0,05
0,045
0,045
0,045
0,04
0,04
0,035
0,035
0,03
0,03
0,025
0,025
0,025
0,025
0,02
0,02
0,02
0,02
0,02
0,015
0,015
0,01
0,01
0,01
0,01
0,005
0,005
0,005
0,005
0,005
0,005
0,005
0
0
0
0
0
0
0
0
0
0
0
0
0
0
-0,005
-0,005
-0,005
-0,01
-0,01
-0,01
-0,01
-0,015
-0,015
-0,015
-0,015
-0,01
-0,01
-0,01
-0,01
-0,01
-0,01
-0,01
-0,01
-0,005
-0,005
-0,005
-0,005
-0,005
-0,005
-0,005
-0,005
-0,005
-0,005
-0,005
-0,005
-0,005
-0,005
-0,005
-0,005
-0,005
-0,005
-0,005
-0,005
-0,005
-0,005
-0,005
-0,005
-0,005
-0,01
-0,01
-0,01
-0,015
-0,015
-0,02
-0,025
-0,03
-0,03
-0,035
-0,035
-0,04
-0,04
-0,04
-0,04
-0,04
-0,04
-0,04
-0,04
-0,04
-0,035
-0,035
-0,035
-0,035
-0,035
-0,035
-0,035
-0,035
-0,035
-0,035
-0,035
-0,035
-0,035
-0,035
-0,04
-0,04
-0,04
-0,04
-0,04
-0,04
-0,045
-0,045
-0,045
-0,045
-0,05
-0,05
-0,05
-0,05
-0,05
-0,05
-0,05
-0,05
-0,05
-0,05
-0,05
-0,045
-0,045
-0,045
-0,045
-0,045
-0,045
-0,045
-0,045
-0,04
-0,04
-0,04
-0,04
-0,035
-0,035
-0,035
-0,035
-0,035
-0,04
-0,04
-0,04
-0,04
-0,04
-0,045
-0,045
-0,045
-0,045
-0,045
-0,05
-0,05
-0,05
-0,055
-0,055
-0,055
-0,06
-0,06
-0,06
-0,06
-0,06
-0,06
-0,06
-0,06
-0,055
-0,055
-0,055
-0,055
-0,05
-0,05
-0,05
-0,05
-0,045
-0,045
-0,045
-0,045
-0,045
-0,045
-0,045
-0,05
-0,05
-0,05
-0,05
-0,05
-0,055
-0,055
-0,055
-0,055
-0,055
-0,055
-0,055
-0,055
-0,055
-0,055
-0,055
-0,055
-0,055
-0,055
-0,055
-0,055
-0,055
-0,055
-0,055
-0,055
-0,055
-0,055
-0,055
-0,055
-0,055
-0,055
-0,055
-0,055
-0,055
-0,05
-0,05
-0,05
-0,045
-0,045
-0,045
-0,04
-0,04
-0,04
-0,035
-0,035
-0,035
-0,035
-0,035
-0,035
-0,035
-0,03
-0,03
-0,03
-0,03
-0,03
-0,03
-0,03
-0,03
-0,025
-0,03
-0,03
-0,03
-0,03
-0,03
-0,035
-0,035
-0,035
-0,04
-0,04
-0,045
-0,045
-0,045
-0,05
-0,05
-0,055
-0,055
-0,055
-0,06
-0,06
-0,065
-0,065
-0,07
-0,07
-0,075
-0,075
-0,08
-0,08
-0,085
-0,085
-0,085
-0,085
-0,085
-0,085
-0,085
-0,085
-0,085
-0,09
-0,09
-0,09
-0,09
-0,095
-0,095
-0,095
-0,095
-0,095
-0,095
-0,095
-0,1
-0,1
-0,1
-0,105
-0,105
-0,105
-0,105
-0,11
-0,11
-0,11
-0,11
-0,11
-0,11
-0,11
-0,11
-0,11
-0,11
-0,11
-0,11
-0,11
-0,11
-0,115
-0,115
-0,115
-0,115
-0,115
-0,115
-0,115
-0,115
-0,115
-0,115
-0,115
-0,11
-0,11
-0,11
-0,11
-0,105
-0,105
-0,105
-0,105
-0,105
-0,105
-0,105
-0,1
-0,1
-0,1
-0,105
-0,105
-0,105
-0,105
-0,11
-0,11
-0,11
-0,115
-0,115
-0,115
-0,115
-0,12
-0,12
-0,12
-0,12
-0,12
-0,12
-0,12
-0,12
-0,12
-0,12
-0,115
-0,115
-0,115
-0,115
-0,115
-0,115
-0,12
-0,12
-0,12
-0,12
-0,12
-0,115
-0,115
-0,115
-0,115
-0,115
-0,115
-0,115
-0,115
-0,115
-0,11
-0,11
-0,11
-0,11
-0,105
-0,105
-0,1
-0,1
-0,1
-0,1
-0,1
-0,1
-0,105
-0,105
-0,105
-0,105
-0,105
-0,105
-0,105
-0,1
-0,1
-0,1
-0,1
-0,1
-0,1
-0,105
-0,105
-0,105
-0,105
-0,11
-0,11
-0,11
-0,115
-0,115
-0,115
-0,115
-0,115
