79
-1
-1
-1
-1
-1
2240
-1
2985
-1
-1
4028
4403
4739
-1
5434
-1
-1
-1
-1
-1
7404
-1
-1
-1
-1
-1
-1
9758
-1
-1
-1
11079
11391
11705
-1
-1
-1
13002
13337
-1
-1
-1
-1
-1
-1
-1
-1
-1
16977
-1
-1
18069
-1
-1
-1
19486
-1
20122
-1
20785
21095
21408
21744
-1
-1
22790
-1
-1
-1
-1
-1
-1
-1
-1
-1
-1
-1
-1
27295
-1
-1
-1
28579
-1
29263
29588
-1
-1
-1
-1
-1
-1
-1
-1
32710
-1
33384
-1
34069
-1
-1
-1
-1
-1
-1
-1
-1
-1
-1
37925
-1
-1
-1
39341
39690
-1
-1
-1
-1
-1
-1
42066
42380
42717
-1
-1
-1
-1
-1
-1
-1
-1
-1
-1
-1
-1
-1
-1
-1
-1
-1
48770
-1
-1
-1
50139
50463
-1
51194
51509
-1
-1
52554
52866
-1
-1
-1
54138
-1
-1
-1
-1
-1
-1
-1
-1
-1
-1
-1
-1
-1
-1
-1
-1
-1
-1
-1
-1
61356
-1
62054
-1
-1
-1
-1
-1
-1
-1
-1
65153
-1
-1
-1
66389
-1
-1
67375
-1
-1
-1
-1
-1
-1
-1
-1
-1
-1
-1
-1
-1
72573
-1
-1
-1
-1
-1
-1
-1
-1
-1
-1
76442
-1
77151
77500
77824
78148
-1
-1
-1
-1
-1
-1
-1
-1
-1
-1
-1
-1
-1
-1
-1
-1
-1
-1
-1
84529
-1
85138
-1
-1
-1
-1
-1
-1
-1
-1
-1
-1
-1
-1
-1
-1
90220
-1
-1
-1
-1
-1
-1
92812
-1
93557
-1
-1
94566
-1
-1
95575
-1
-1
96550
-1
-1
-1
-1
-1
98650
-1
-1
-1
-1
100248
100573
-1
-1
-1
-1
-1
-1
-1
-1
103756
-1
-1
-1
-1
-1
-1
-1
106566
-1
-1
-1
-1
-1
-1
-1
-1
-1
109906
-1
-1
-1
-1
-1
-1
112451
-1
113113
-1
113798
-1
114458
-1
-1
-1
115791
-1
116440
-1
-1
-1
-1
-1
-1
-1
-1
-1
-1
-1
-1
-1
121253
-1
-1
122276
-1
-1
-1
123585
-1
-1
-1
124991
125339
-1
-1
-1
-1
-1
127392
-1
128053
-1
-1
-1
129399
-1
-1
130359
130706
131031
-1
-1
-1
-1
-1
-1
-1
-1
-1
-1
-1
-1
-1
-1
-1
136448
136772
-1
137447
137747
-1
-1
-1
-1
-1
-1
-1
-1
-1
-1
-1
-1
-1
-1
-1
-1
-1
144148
-1
-1
-1
-1
145804
146130
146478
-1
-1
-1
-1
-1
-1
-1
149288
-1
-1
-1
-1
-1
151199
-1
-1
-1
152495
152832
153144
-1
153852
154212
154538
-1
-1
155523
-1
-1
-1
-1
-1
-1
-1
-1
-1
158717
-1
159390
-1
160170
-1
160842
-1
-1
-1
-1
-1
-1
-1
-1
-1
164084
-1
-1
165101
-1
165769
-1
-1
166741
-1
167340
167628
-1
-1
168540
-1
-1
-1
-1
-1
-1
-1
-1
171856
-1
-1
-1
-1
173682
-1
-1
-1
-1
-1
-1
-1
-1
-1
-1
-1
-1
-1
-1
-1
-1
-1
179951
-1
180599
-1
-1
181561
-1
-1
-1
-1
-1
-1
-1
184298
-1
185008
-1
-1
-1
-1
-1
-1
-1
-1
-1
188250
-1
-1
-1
-1
-1
190389
190737
191072
-1
-1
-1
-1
-1
193079
-1
193777
194135
-1
-1
195155
-1
195829
196153
-1
196791
197124
197452
197762
-1
-1
-1
-1
-1
-1
200167
200490
-1
201138
-1
-1
202148
202484
-1
-1
-1
-1
-1
-1
-1
205198
-1
205895
206208
206541
206868
207193
-1
-1
-1
-1
208839
-1
-1
-1
-1
210590
210939
-1
-1
-1
-1
-1
-1
213161
213498
-1
-1
-1
-1
-1
-1
215721
215996
-1
-1
217005
-1
-1
-1
-1
-1
218866
-1
219587
219924
220226
220549
-1
-1
-1
-1
-1
-1
222830
-1
-1
-1
-1
-1
224942
-1
-1
-1
226279
-1
226914
227273
-1
-1
228211
228522
-1
-1
-1
-1
-1
-1
230708
-1
231321
-1
231958
232259
-1
-1
-1
-1
-1
-1
-1
-1
-1
-1
-1
-1
-1
-1
-1
-1
237915
-1
-1
238890
239236
-1
-1
-1
-1
-1
-1
-1
-1
-1
-1
-1
-1
-1
-1
244114
244425
244726
-1
-1
-1
-1
-1
246622
246935
247187
247524
-1
248160
248460
-1
-1
249435
-1
-1
-1
250779
251114
-1
-1
-1
-1
-1
253145
-1
-1
-1
-1
254862
255186
255523
-1
-1
-1
-1
-1
-1
-1
-1
-1
-1
-1
-1
-1
260245
260569
-1
-1
-1
-1
262321
-1
-1
263281
-1
263907
-1
264520
-1
265156
-1
265782
-1
-1
-1
266956
-1
267667
-1
268327
-1
-1
-1
-1
-1
-1
-1
-1
271533
-1
-1
272578
272927
273251
-1
-1
-1
274621
-1
-1
275664
275995
-1
-1
276987
-1
-1
278021
-1
278668
-1
279329
279618
-1
-1
-1
280830
281132
281478
281743
282031
-1
-1
-1
-1
-1
-1
-1
284686
285022
-1
285647
285958
286271
-1
-1
287197
287545
-1
-1
288493
288818
289144
289443
-1
-1
-1
-1
-1
-1
-1
-1
292613
-1
-1
-1
294031
-1
294714
-1
-1
-1
296061
-1
-1
-1
-1
-1
-1
-1
-1
-1
299375
-1
300000
-1
300658
-1
-1
-1
-1
302279
-1
-1
-1
-1
-1
-1
304720
-1
-1
-1
306065
-1
-1
-1
-1
307711
-1
-1
308710
-1
-1
309670
310004
-1
-1
-1
311277
-1
-1
312192
-1
312804
-1
313428
-1
314100
314461
314905
315278
-1
-1
-1
-1
-1
-1
-1
-1
-1
-1
-1
-1
-1
-1
-1
-1
321260
-1
-1
-1
322653
322992
323314
-1
-1
-1
-1
-1
-1
-1
325932
-1
-1
-1
-1
-1
-1
-1
-1
-1
-1
-1
329991
-1
330690
331011
331338
-1
-1
-1
-1
332983
-1
333620
-1
334269
-1
-1
-1
335646
-1
336286
336624
336946
337248
-1
-1
338291
338594
-1
-1
339613
-1
-1
-1
-1
-1
-1
-1
342267
-1
-1
-1
-1
-1
-1
-1
-1
-1
-1
-1
346472
-1
-1
-1
-1
-1
-1
-1
-1
-1
-1
350219
350544
-1
-1
-1
351806
-1
352442
-1
-1
-1
353717
353996
354353
-1
-1
-1
-1
-1
-1
-1
-1
-1
-1
-1
-1
358460
-1
-1
-1
-1
359996
-1
-1
-1
-1
361607
-1
-1
-1
-1
363385
363720
364022
-1
364706
365017
365331
-1
-1
366315
-1
-1
-1
-1
367901
-1
-1
-1
-1
-1
369844
370159
-1
370784
-1
-1
-1
-1
-1
-1
373101
-1
-1
-1
-1
-1
-1
375468
-1
-1
-1
376885
377196
377508
-1
-1
-1
-1
-1
-1
-1
-1
-1
-1
-1
-1
381606
-1
-1
-1
-1
-1
-1
-1
384092
-1
-1
384981
385283
385582
385896
-1
-1
-1
-1
-1
388105
-1
-1
389053
-1
-1
-1
-1
-1
-1
-1
391792
-1
392598
-1
-1
-1
-1
-1
-1
-1
-1
395612
-1
-1
-1
-1
-1
-1
-1
-1
398783
399118
-1
399767
400092
-1
-1
401054
-1
-1
402077
402410
-1
-1
403468
-1
-1
-1
-1
-1
-1
-1
406230
406580
406939
-1
-1
407901
408238
408549
-1
-1
-1
409869
410205
410531
-1
-1
411467
-1
412103
412404
-1
-1
-1
-1
414037
414362
414674
414975
-1
-1
-1
-1
-1
-1
-1
-1
417796
418073
418374
418637
-1
-1
-1
419803
-1
-1
420741
421041
421388
-1
-1
422350
422674
-1
423299
-1
-1
-1
-1
-1
-1
425617
425930
426242
426556
426877
-1
-1
-1
-1
-1
-1
-1
-1
430085
-1
-1
431023
431324
431623
-1
432271
-1
-1
433222
-1
433869
434132
434482
-1
-1
-1
-1
-1
-1
-1
437126
-1
-1
-1
-1
438735
-1
-1
-1
-1
440344
-1
-1
-1
-1
442132
-1
-1
-1
-1
443731
444079
-1
-1
-1
445496
445821
-1
-1
-1
-1
-1
-1
-1
-1
448523
-1
-1
-1
-1
-1
-1
-1
451395
-1
-1
-1
-1
-1
453398
-1
-1
454323
454625
454949
455249
-1
-1
-1
-1
456739
-1
457376
-1
-1
-1
-1
-1
459275
-1
-1
-1
-1
-1
461027
-1
461628
461997
462251
-1
-1
463167
-1
-1
-1
-1
464667
-1
-1
-1
465773
-1
-1
-1
-1
-1
467357
467634
-1
-1
468415
-1
468968
-1
-1
-1
-1
470313
-1
470878
471190
-1
-1
-1
-1
-1
-1
-1
-1
474470
-1
-1
475406
475720
-1
-1
-1
-1
-1
-1
-1
-1
-1
-1
479154
-1
479768
-1
-1
480667
-1
-1
-1
-1
482205
-1
-1
483324
-1
-1
-1
484752
-1
-1
-1
486025
486339
486651
-1
-1
-1
-1
-1
-1
-1
489294
489605
-1
-1
-1
-1
-1
-1
-1
-1
-1
492860
-1
493510
-1
-1
494468
494781
-1
-1
-1
-1
-1
-1
-1
-1
-1
498192
498520
-1
499132
499430
499756
-1
-1
-1
-1
-1
501674
-1
502265
-1
-1
503128
-1
-1
-1
504333
504633
-1
-1
-1
-1
506193
-1
506797
507119
507420
-1
-1
-1
508668
509017
509462
-1
-1
-1
-1
-1
-1
-1
-1
-1
-1
-1
-1
-1
514634
514952
515263
515573
515840
516115
516467
-1
-1
517341
517642
-1
-1
-1
518768
519031
519335
-1
-1
520210
-1
520836
-1
-1
-1
522228
-1
-1
-1
523576
523887
-1
-1
524980
-1
-1
-1
-1
-1
527095
-1
-1
-1
528404
528726
-1
-1
-1
-1
530505
-1
-1
-1
-1
532282
-1
-1
-1
-1
-1
-1
-1
-1
-1
-1
-1
-1
536871
-1
-1
-1
538288
-1
-1
-1
-1
-1
-1
-1
-1
-1
541518
-1
-1
-1
-1
543114
-1
-1
-1
-1
-1
545339
545675
-1
-1
546635
546946
-1
547511
-1
-1
-1
-1
-1
549459
549783
-1
-1
-1
-1
551304
551595
-1
-1
-1
552809
-1
553469
-1
-1
-1
-1
-1
-1
-1
556484
-1
-1
-1
-1
-1
-1
-1
-1
-1
-1
-1
-1
-1
-1
-1
-1
562730
-1
-1
563653
-1
564277
-1
564878
-1
-1
-1
-1
-1
566643
566906
-1
-1
567832
-1
568458
568805
569152
569465
-1
-1
-1
-1
-1
571568
-1
572215
-1
-1
-1
573476
573801
574113
-1
-1
-1
575399
-1
576035
576359
-1
576982
-1
577570
577860
578136
-1
-1
-1
579360
579672
-1
580442
-1
-1
-1
-1
-1
-1
-1
-1
-1
-1
-1
-1
-1
585726
-1
586410
-1
-1
-1
-1
-1
-1
-1
-1
-1
-1
-1
-1
-1
-1
591813
-1
592365
-1
-1
593137
593398
-1
-1
-1
594419
594709
-1
-1
-1
595861
-1
-1
-1
-1
-1
-1
-1
-1
-1
-1
-1
-1
-1
-1
-1
-1
-1
-1
-1
-1
-1
-1
-1
-1
605037
-1
-1
606224
606588
606982
-1
607728
-1
-1
608819
-1
-1
-1
-1
-1
-1
-1
-1
-1
612603
-1
-1
-1
-1
-1
-1
615341
-1
-1
-1
-1
-1
-1
617588
-1
618212
-1
-1
619101
-1
619666
619941
620265
620567
-1
621155
-1
-1
622031
622320
-1
-1
623221
-1
-1
-1
-1
-1
-1
625298
625610
-1
-1
-1
626823
-1
-1
-1
628036
-1
-1
-1
-1
-1
-1
-1
630448
630767
-1
631339
-1
-1
632359
-1
-1
-1
-1
634330
634712
-1
-1
-1
-1
-1
-1
-1
-1
-1
-1
-1
-1
-1
-1
-1
-1
-1
-1
-1
642148
-1
-1
643216
-1
-1
-1
-1
644694
644982
-1
-1
-1
646147
646447
646735
647024
-1
-1
-1
-1
648377
648656
648969
649270
649557
-1
