184
536
883
1231
1648
1999
2349
2718
3089
3429
3758
4136
4510
4845
5199
5543
5864
6179
6518
6876
7199
7518
7856
8208
8536
8853
9183
9520
9864
10181
10511
10847
11177
11493
11812
12135
12448
12760
13109
13445
13757
14110
14492
14829
15212
15622
15983
16339
16718
17095
17469
17808
18182
18539
18886
19237
19591
19908
20224
20562
20896
21194
21510
21854
22188
22540
22899
23237
23565
23895
24255
24584
24935
25304
25678
26031
26394
26752
27091
27403
27727
28055
28392
28687
29034
29373
29695
30024
30380
30717
31053
31403
31788
32127
32488
32819
33167
33493
33832
34184
34529
34847
35220
35561
35885
36254
36629
36942
37270
37657
38032
38355
38726
39116
39453
39791
40158
40521
40844
41175
41537
41862
42169
42486
42827
43152
43471
43822
44173
44495
44839
45208
45542
45879
46263
46631
46943
47255
47584
47896
48215
48568
48879
49213
49561
49911
50246
50569
50936
51292
51619
51968
52347
52664
52975
53304
53631
53933
54246
54576
54904
55215
55546
55950
56298
56632
57003
57349
57657
58004
58399
58749
59086
59453
59806
60110
60448
60801
61143
61463
61798
62163
62495
62800
63152
63533
63869
64207
64588
64944
65260
65568
65886
66200
66496
66813
67158
67484
67821
68253
68624
68995
69374
69756
70114
70494
70859
71213
71589
71960
72326
72677
73036
73399
73744
74100
74459
74821
75151
75488
75856
76217
76550
76898
77283
77607
77932
78256
78584
78896
79215
79525
79848
80168
80506
80862
81216
81536
81872
82192
82496
82817
83133
83430
83730
84045
84496
84632
84934
85245
85552
85907
86267
86599
86979
87339
87674
88030
88351
88656
88959
89280
89634
89978
90327
90718
91119
91485
91856
92236
92593
92914
93279
93655
93992
94320
94671
95030
95350
95686
96047
96358
96659
96999
97368
97702
98060
98431
98747
99061
99392
99721
100032
100347
100683
101008
101357
101750
102108
102437
102795
103175
103519
103862
104216
104551
104873
105208
105594
105976
106328
106673
107009
107320
107640
107946
108285
108608
108944
109303
109673
110014
110376
110761
111131
111464
111819
112208
112560
112879
113219
113577
113905
114226
114565
114897
115217
115551
115897
116216
116547
116910
117281
117608
117950
118332
118656
118986
119327
119680
120001
120333
120679
121040
121353
121703
122063
122378
122689
123024
123378
123692
124015
124402
124792
125104
125446
125784
126116
126416
126751
127151
127490
127807
128154
128520
128837
129151
129503
129840
130146
130469
130815
131131
131438
131763
132128
132426
132737
133063
133440
133797
134129
134510
134879
135208
135549
135920
136248
136550
136877
137232
137552
137865
138221
138603
138935
139279
139680
140023
140336
140691
141079
141410
141713
142070
142439
142793
143130
143504
143900
144256
144574
144937
145279
145601
145912
146247
146589
146902
147226
147583
147961
148296
148674
149057
149385
149699
150024
150352
150656
150973
151307
151653
151957
152272
152604
152943
153244
153584
153960
154314
154648
154984
155319
155625
155927
156255
156614
156929
157238
157565
157871
158168
158467
158823
159170
159493
159885
160277
160606
160950
161309
161640
161953
162271
162608
162936
163243
163543
163877
164186
164504
164832
165203
165570
165874
166198
166527
166848
167149
167447
167737
168036
168342
168647
168952
169254
169698
170115
170479
170848
171220
171598
171961
172347
172710
173073
173496
173795
174152
174471
174808
175195
175545
175878
176244
176615
176937
177262
177611
177968
178309
178624
178976
179350
179726
180050
180376
180709
181048
181353
181668
182013
182374
182687
183027
183448
183752
184063
184406
184780
185116
185432
185767
186102
186406
186720
187048
187374
187680
188007
188359
188704
189030
189379
189782
190140
190496
190846
191191
191506
191855
192198
192528
192858
193183
193545
193885
194236
194591
194934
195265
195611
195936
196262
196576
196897
197231
197557
197871
198208
198550
198913
199234
199576
199943
200274
200600
200927
201247
201558
201896
202254
202592
202928
203310
203649
203964
204304
204647
204994
205308
205667
206008
206315
206649
206983
207300
207607
207941
208311
208638
208946
209318
209695
210023
210342
210706
211039
211352
211679
212011
212332
212631
212944
213280
213606
213905
214221
214570
214888
215191
215503
215828
216139
216441
216744
217112
217432
217737
218059
218392
218714
219009
219327
219693
220030
220330
220654
220996
221308
221609
221965
222313
222628
222936
223250
223636
223974
224319
224703
225051
225357
225704
226060
226385
226695
227023
227382
227696
228004
228322
228634
228955
229254
229584
229901
230215
230520
230810
231106
231432
231763
232058
232367
232704
233017
233319
233643
234000
234319
234623
234958
235323
235650
235960
236317
236681
237015
237319
237677
238024
238329
238651
239006
239344
239648
239975
240330
240648
240952
241280
241630
241953
242255
242573
242934
243254
243560
243894
244222
244535
244832
245146
245494
245806
246095
246414
246736
247035
247324
247636
247960
248270
248568
248884
249230
249552
249856
250200
250560
250887
251222
251558
251899
252216
252534
252886
253251
253562
253930
254311
254648
254970
255295
255648
255959
256296
256700
257084
257424
257761
258128
258447
258754
259068
259390
259703
260023
260354
260682
261008
261359
261754
262099
262436
262765
263079
263386
263703
264012
264328
264623
264938
265264
265582
265891
266209
266512
266807
267101
267425
267772
268089
268435
268865
269223
269586
269943
270296
270618
270948
271311
271643
271953
272294
272687
273037
273354
273706
274071
274408
274728
275069
275438
275768
276097
276436
276784
277095
277442
277804
278131
278446
278782
279128
279434
279727
280027
280344
280640
280931
281247
281579
281887
282176
282490
282824
283139
283440
283768
284147
284464
284807
285129
285446
285755
286065
286381
286696
287002
287303
287643
287965
288276
288598
288928
289250
289554
289920
290311
290669
291018
291368
291728
292041
292369
292723
293077
293407
293760
294142
294498
294811
295161
295518
295855
296168
296480
296834
297152
297456
297779
298129
298486
298799
299137
299488
299799
300110
300430
300768
301081
301401
301730
302077
302391
302711
303112
303488
303830
304156
304498
304827
305129
305471
305856
306178
306488
306811
307158
307513
307819
308144
308490
308818
309127
309440
309787
310108
310412
310735
311062
311387
311690
311989
312300
312615
312911
313206
313536
313886
314207
314562
315013
315384
315795
316141
316520
316867
317227
317600
317935
318269
318616
318964
319279
319600
319966
320313
320634
320990
321364
321712
322022
322366
322759
323095
323422
323783
324142
324458
324755
325095
325431
325739
326039
326340
326647
326944
327240
327558
327950
328276
328712
329058
329428
329766
330097
330488
330797
331109
331446
331778
332083
332413
332765
333102
333408
333728
334056
334375
334690
335024
335413
335748
336064
336396
336731
337054
337360
337706
338074
338392
338702
339047
339400
339725
340036
340400
340792
341118
341432
341750
342064
342376
342688
343048
343401
343712
344064
344479
344839
345175
345554
345933
346250
346576
346903
347247
347561
347891
348240
348592
348911
349236
349615
350002
350326
350651
350990
351302
351611
351912
352238
352560
352848
353167
353522
353831
354135
354462
354814
355167
355480
355813
356159
356468
356766
357068
357375
357682
357976
358272
358572
358877
359168
359463
359794
360104
360411
360727
361063
361402
361712
362052
362459
362811
363158
363504
363830
364131
364496
364812
365128
365439
365764
366102
366424
366728
367048
367384
367706
368007
368321
368650
368994
369308
369624
369947
370268
370605
370892
371215
371543
371856
372212
372551
372888
373208
373532
373856
374207
374510
374834
375184
375575
375913
376273
376656
376992
377294
377615
377955
378292
378608
378912
379230
379541
379831
380144
380455
380767
381067
381380
381716
382049
382350
382653
382975
383287
383589
383896
384199
384496
384796
385087
385399
385691
386016
386343
386700
387047
387420
387856
388214
388546
388855
389161
389464
389776
390092
390413
390720
391072
391520
391901
392310
392706
393079
393453
393816
394144
394465
394784
395087
395393
395717
396056
396381
396750
397140
397480
397824
398215
398563
398887
399218
399551
399874
400199
400535
400859
401164
401521
401861
402202
402517
402868
403247
403580
403925
404261
404575
404896
405247
405635
406007
406338
406688
407045
407373
407686
408003
408338
408654
408969
409318
409667
409980
410313
410633
410965
411263
411573
411879
412202
412516
412832
413168
413495
413812
414143
414468
414781
415084
415418
415760
416064
416365
416668
416995
417297
417593
417904
418202
418479
418773
419060
419360
419650
419933
420240
420552
420850
421158
421499
421832
422143
422459
422782
423095
423408
423719
424066
424383
424712
425049
425416
425722
426028
426358
426663
426984
427351
427683
428032
428431
428799
429128
429479
429856
430185
430496
430817
431131
431431
431723
432038
432375
432687
432996
433331
433668
433970
434277
434590
434896
435191
435504
435864
436212
436530
436881
437246
437568
437872
438199
438535
438842
439141
439463
439815
440144
440452
440825
441242
441589
441914
442239
442559
442871
443167
443568
443843
444189
444510
444863
445266
445598
445930
446267
446610
446903
447199
447492
447775
448066
448336
448638
448957
449258
449591
449990
450367
450710
451104
451503
451848
452207
452572
452896
453200
453499
453832
454128
454426
454735
455060
455363
455656
455949
456284
456583
456875
457176
457488
457812
458111
458425
458764
459083
459382
459669
459959
460249
460548
460840
461136
461437
461738
462063
462361
462663
462967
463277
463591
463898
464191
464485
464765
465038
465319
465603
465872
466136
466412
466681
466945
467208
467468
467732
468008
468282
468544
468810
469080
469350
469618
469883
470160
470440
470720
470994
471296
471645
472035
472432
472807
473190
473527
473872
474254
474574
474896
475201
475528
475838
476168
476471
476812
477148
477465
477773
478075
478399
478712
478992
479286
479583
479880
480164
480476
480774
481067
481368
481688
482011
482314
482688
483086
483431
483779
484151
484527
484856
485168
485484
485822
486144
486447
486758
487090
487416
487731
488080
488451
488790
489122
489405
489717
490016
490361
490665
490984
491296
491628
491990
492342
492648
492968
493315
493619
493928
494248
494577
494894
495231
495651
496028
496404
496761
497096
497429
497741
498040
498392
498638
498949
499250
499539
499868
500208
500515
500822
501139
501476
501788
502070
502375
502678
502965
503252
503543
503852
504152
504439
504743
505076
505379
505677
506002
506303
506597
506906
507222
507536
507831
508155
508474
508780
509127
509571
509945
510342
510719
511094
511484
511863
512229
512574
512950
513327
513668
514047
514416
514747
515060
515384
515681
515962
516263
516583
516878
517168
517463
517751
518038
518318
518590
518868
519147
519444
519732
520014
520316
520647
520942
521254
521616
522006
522336
522675
523035
523375
523681
523990
524333
524716
525086
525399
525738
526145
526526
526869
527206
527567
527892
528213
528514
528833
529177
529529
529838
530182
530622
530990
531357
531716
532061
532391
532697
533005
533339
533628
533947
534278
534654
535011
535419
535820
536191
536599
536971
537329
537708
538059
538405
538722
539031
539334
539630
539964
540318
540638
541000
541326
541628
541927
542252
542634
542917
543219
543597
543935
544279
544698
545099
545447
545782
546135
546446
546742
547055
547355
547656
547979
548303
548630
548932
549247
549631
549895
550199
550542
550851
551143
551438
551725
552006
552303
552590
552922
553263
553579
553902
554326
554731
555086
555471
555853
556208
556591
556963
557324
557714
558127
558492
558895
559278
559644
560039
560415
560774
561151
561526
561870
562201
562535
562841
563149
563462
563765
564098
564393
564679
564988
565294
565592
565887
566167
566453
566751
567038
567327
567648
567945
568255
568571
568914
569262
569574
569902
570255
570690
571040
571351
571685
571998
572317
572626
572924
573248
573582
573908
574221
574526
574850
575196
575509
575821
576147
576466
576788
577091
577379
577677
577972
578260
578551
578854
579158
579473
579781
580094
580551
580973
581379
581749
582146
582521
582890
583266
583627
583975
584350
584731
585090
585470
585837
586183
586517
586858
587179
587503
587938
588303
588731
589109
589495
589883
590281
590681
591035
591358
591656
591923
592199
592466
592727
592999
593237
593494
593751
594017
594274
594539
594829
595118
595391
595669
595968
596271
596575
596860
597156
597471
597796
598135
598413
598734
599206
599578
599983
600431
600835
601215
601631
602002
602367
602771
603153
603503
603902
604334
604710
605146
605542
605927
606332
606698
607083
607468
607824
608193
608565
608926
609275
609665
610093
610512
610894
611278
611685
612044
612366
612714
613132
613525
613938
614318
614711
615069
615455
615811
616147
616438
616760
617097
617397
617695
618006
618319
618606
618933
619211
619510
619798
620074
620374
620676
620984
621261
621544
621850
622134
622433
622719
623023
623333
623631
623934
624221
624519
624812
625109
625439
625712
626010
626318
626629
626933
627230
627532
627830
628147
628438
628727
629030
629335
629647
629945
630239
630555
630879
631181
631474
631794
632126
632465
632800
633253
633654
634030
634440
634821
635207
635603
635967
636334
636699
637048
637437
637822
638174
638575
638927
639277
639647
640031
640382
640802
641151
641535
641927
642253
642618
642985
643325
643636
643937
644238
644537
644814
645115
645406
645701
645992
646271
646556
646853
647134
647414
647703
647959
648222
648491
648775
649077
649377
649667
649974
