-1
264
544
816
1088
1352
1616
1888
-1
2432
-1
-1
3240
3512
3776
4048
4328
-1
-1
-1
5416
5688
5960
6232
-1
6784
7064
7344
7616
7888
8168
8440
8720
8992
9264
9544
-1
-1
-1
10624
10896
-1
11440
-1
-1
12264
12536
12808
13096
13368
13648
13928
-1
14480
14752
15024
15296
-1
15840
16120
16392
-1
16936
17208
17496
17768
-1
18328
18616
18896
19168
-1
19736
20008
20288
20568
20848
21128
21400
21680
21968
-1
-1
22808
23080
23360
23632
-1
24192
24464
24744
25024
25288
25576
25848
26128
26400
26680
26960
-1
27512
27784
28056
28336
28608
28872
29152
-1
-1
29968
30240
30520
30792
-1
-1
-1
31896
32168
32440
32720
32992
33264
33544
-1
34096
34376
34656
34936
-1
35496
35776
35920
36328
36600
36872
37152
37424
37696
-1
38248
38520
38792
39072
39352
39624
-1
40184
40464
40736
41016
41296
41576
41848
42128
42400
-1
42952
43224
43496
43784
44056
44336
44616
-1
-1
45440
45720
46000
46272
-1
46840
47112
-1
47672
47952
48232
48504
-1
49064
49336
49608
49880
50152
50424
50696
50976
-1
-1
-1
52064
52344
52624
52896
53176
53456
53600
53992
54272
54536
54816
55080
55360
55632
55896
-1
56440
56720
56888
57264
57544
57808
58072
58344
58608
58880
59144
59416
59688
59952
60216
60496
60760
61040
61312
61576
61856
62128
62392
-1
-1
63192
63464
-1
64016
-1
64552
64824
65096
65368
65640
65912
66192
66464
66728
67000
67272
67544
67816
68088
68360
68632
68896
69176
69440
69720
69992
70256
70536
-1
71080
71352
71616
71888
72160
72432
72696
72968
73240
73512
-1
-1
74320
74584
74728
75128
75400
75664
75928
-1
76464
76736
77000
77272
77544
77800
78072
78344
78608
78880
79144
79416
79688
79944
-1
80488
80752
81016
81288
81552
-1
82088
82360
82624
82896
83168
83432
83704
83968
84240
84504
84768
85032
85304
85576
85840
86112
86384
86648
86920
87192
87464
87736
88008
88280
-1
-1
89088
89368
89640
-1
90184
90464
90736
91008
91288
91560
91840
92112
92384
92664
92928
93200
93464
93728
-1
94272
94544
-1
95088
95360
-1
95904
-1
96448
-1
96992
97256
-1
-1
98048
98328
98592
98856
99136
99408
99680
99952
-1
100520
100792
101072
101360
101640
101912
102184
102464
102744
-1
-1
-1
103856
104136
-1
104672
104952
105216
-1
105752
106024
106280
106544
106800
-1
-1
107608
107888
108168
108440
108720
109000
109296
109568
109848
110136
110408
-1
110960
111232
111512
111784
112056
112344
112624
112896
113168
113440
113720
113984
114256
114528
114800
115064
115336
115616
-1
116168
116440
116720
116992
117264
117528
-1
118072
-1
-1
-1
119144
119408
119672
119936
120208
120472
-1
-1
-1
-1
121816
122088
122360
-1
122888
123168
123432
123696
123960
124232
124504
124768
125032
125312
-1
-1
126112
126384
126656
126920
127184
127456
127720
127984
128256
128528
128800
129072
129344
129624
129888
130160
-1
130704
130976
131256
131528
131800
131976
132336
132608
132880
133152
133424
133688
133968
134240
134504
-1
135040
135320
135592
135856
-1
136405
136669
136941
-1
137477
-1
138013
138285
138557
138829
139093
139357
139621
139893
140157
-1
-1
-1
141229
141501
141765
142045
142309
142581
142861
143133
143397
143677
143941
144221
144493
144757
145037
145301
145557
145829
146093
146357
146621
146885
-1
147429
147685
-1
148221
148493
148773
148941
149317
149589
-1
-1
150389
150661
150933
151197
151477
151749
152013
152285
152549
152709
153085
-1
153621
-1
154149
154413
154677
154941
155205
155469
155741
-1
156293
156461
156837
157101
157373
157637
157901
158173
158437
158693
-1
159221
159493
159749
160013
160285
160549
160805
161077
161333
161597
-1
162125
162389
162653
162917
163181
163445
163717
163981
164253
164525
164789
-1
165317
-1
165837
-1
166365
166621
166885
-1
167405
167669
167933
168093
168461
168725
168997
169253
169517
169693
170037
170301
170565
170821
171077
171349
171605
-1
-1
172389
172653
-1
-1
173349
173725
173989
174253
174509
174781
175045
175301
175565
175837
176093
176365
176517
-1
-1
-1
177693
177957
-1
-1
178669
179013
-1
179549
-1
-1
180341
180605
180869
181125
-1
181669
181933
182205
182477
182741
183013
183285
183445
183829
-1
-1
184549
184933
185205
185477
185749
186021
186293
186565
-1
-1
187365
187637
-1
-1
188437
188709
188981
189245
189509
189773
190045
190317
190469
190853
191117
191381
191645
191901
-1
-1
192701
192973
193237
193493
193765
194029
194293
194565
194829
195101
195373
195637
195805
196165
196437
196701
196965
197229
197493
-1
-1
-1
-1
198821
199093
199357
199517
199893
200157
200421
-1
-1
-1
-1
-1
202013
202277
-1
202821
203093
203365
203637
203797
204189
204461
204741
205013
205285
205445
205837
206117
206301
206669
206949
207221
207493
207773
208045
208333
208485
208877
-1
-1
209597
209981
210261
210533
-1
211077
211341
211613
211893
212157
212421
212701
212957
213221
213381
213749
214013
214277
214533
214805
215069
215325
215485
215853
216117
216389
216653
216925
217189
217461
217621
218013
218293
-1
218621
219029
219325
219605
219765
220157
220445
220733
220893
221293
-1
-1
-1
222397
222669
222941
223221
223501
223781
224061
224349
224637
-1
-1
225501
225789
226069
226349
226629
226893
227173
227445
-1
-1
-1
228509
-1
-1
-1
229605
-1
-1
230421
-1
-1
231221
231493
231773
232045
232325
232485
232885
233165
233445
233613
234005
-1
-1
234853
235125
-1
-1
-1
236261
236541
236837
237125
237397
237685
237957
238229
-1
238797
239069
-1
239621
239893
240165
240445
240709
240997
241269
241541
241813
242093
242373
242653
242805
243205
243477
243749
244021
244293
244453
244829
245101
245373
245637
-1
246173
246445
246717
246997
247269
247541
-1
-1
-1
248645
248797
249189
249461
249749
250013
-1
250557
250837
251117
251389
251549
251941
252213
-1
-1
-1
253293
-1
-1
254125
-1
254677
254957
255237
255533
255813
256093
256381
-1
-1
-1
257509
257789
258069
258349
258637
258917
259189
-1
259621
260029
260301
260581
260861
261141
261293
261685
-1
262245
262517
262789
262949
263349
263629
263901
264061
264461
264741
265021
265301
265573
265853
-1
266421
266717
-1
-1
267597
267885
268165
268461
268749
-1
269317
269605
269877
-1
270445
270725
271013
271293
271581
271861
272148
272436
272724
273012
-1
273572
273868
274148
274420
-1
274980
275268
275548
275828
276116
276396
276684
276964
277252
277540
277812
278108
278388
278660
278940
-1
-1
279788
280068
280348
280628
280900
281172
281452
281732
282004
282148
282556
282820
-1
283372
283636
283908
284188
284452
284732
285004
285276
-1
285836
286116
286388
286668
286948
-1
287500
287780
288052
288332
288612
288884
289172
289452
289732
290012
290300
290580
290860
291148
291428
291708
291988
292268
292548
-1
-1
-1
293684
293964
294252
294532
294820
295100
295380
295668
295948
296228
296500
296780
297060
297340
297620
297900
298180
298460
298740
298924
299260
299548
-1
300116
300388
-1
300940
301220
301508
301780
302076
-1
302628
302916
303196
303476
303756
304036
304316
304604
304876
305156
305436
305724
306004
306292
306580
-1
-1
-1
307716
307996
308284
308564
308852
309124
309396
-1
309964
310236
310508
310788
-1
311340
311612
-1
-1
312436
312708
312980
313260
313524
313796
-1
-1
314612
314876
315156
315428
315700
-1
-1
-1
316812
317084
317372
317652
317924
318196
318476
-1
319044
319316
319604
319884
320164
320444
320724
321012
-1
-1
321852
322132
-1
-1
-1
323236
323508
323780
324060
324332
324612
324884
325164
325436
325708
325988
-1
326540
326812
327084
327364
327636
327916
328196
328476
328748
329028
329308
329588
329868
330140
330428
330708
330988
331268
331548
-1
332100
-1
332668
332948
333228
-1
-1
-1
334332
334612
334884
-1
-1
335708
335980
336260
336532
-1
337108
337380
337668
-1
338236
338516
338788
-1
-1
-1
-1
-1
-1
340740
341012
341292
341572
341724
342108
-1
342668
342932
343204
343476
343748
-1
344268
344540
344812
345076
345340
345612
345884
346156
-1
-1
-1
347244
347516
347796
348068
348332
348604
348884
349164
349436
349708
349988
350268
-1
350820
351092
-1
-1
351908
352188
352452
352612
352980
-1
353524
353788
354052
354324
354596
354868
355132
355404
355676
355948
356212
356492
356756
357020
357292
357452
357828
358100
-1
358644
-1
359188
359460
359724
359988
360196
360588
361076
361340
361612
361876
362156
362428
362692
362972
363244
-1
-1
364052
364332
364604
364868
365148
365412
-1
-1
-1
-1
366756
367020
367300
367572
367836
368116
-1
-1
368924
369196
369468
-1
370004
370276
-1
-1
371092
371356
371636
371908
372172
372452
372716
372988
-1
-1
373812
374076
-1
374620
374884
-1
375428
375692
375964
376244
376508
376780
377052
377324
377484
377868
378148
378412
-1
-1
379212
379476
379756
380020
380292
380564
380836
-1
-1
381644
381916
382180
382452
382716
382988
383252
383516
383780
-1
384324
384596
384876
385036
385420
385692
-1
386244
386508
386780
387052
387316
-1
-1
388116
388396
388660
388812
389204
389476
-1
-1
-1
-1
390820
391084
391356
391628
391892
392164
392428
-1
392972
-1
393524
393796
394060
394324
-1
394876
395148
-1
-1
-1
396236
396508
396780
397060
397316
397588
-1
398140
-1
398572
398948
399228
-1
399764
400028
-1
400564
-1
401092
-1
-1
401884
-1
402428
402692
402956
403220
403500
403772
404044
404316
-1
-1
405012
405412
405692
405956
-1
-1
406788
407060
407212
407596
407876
408148
408412
408684
-1
-1
409484
409761
409913
410297
410561
410841
411105
411377
411649
411921
412073
412465
412729
413009
-1
-1
-1
414073
414345
414617
-1
-1
415433
415697
415977
-1
416521
416793
-1
417345
417617
417881
418153
418425
418697
418969
419241
419513
419673
420049
420321
-1
-1
421137
421401
421673
421937
-1
-1
422729
-1
423265
-1
423809
424081
424345
424617
424881
-1
425425
425689
425961
426225
426481
-1
427017
-1
427561
427833
428113
428385
428657
428937
429201
429489
429761
-1
430313
430585
430857
431129
431393
-1
431937
432209
432481
-1
433025
433297
433561
433721
434113
434377
434657
434929
435185
435457
435721
435993
436257
436529
436801
-1
437337
437609
437873
438145
438417
438681
438953
439217
439481
439761
440025
440289
-1
440833
-1
-1
441641
441905
442161
442433
442705
442969
443233
443505
443769
444033
444297
444553
444825
-1
445353
445633
445905
446169
-1
446697
446961
-1
447489
447761
448025
448281
-1
448809
449073
449345
449609
449881
450145
450409
450673
450937
451201
451465
451721
-1
452249
-1
452777
453033
453297
453569
453833
453977
454361
454633
454889
455153
455417
455681
455937
-1
456465
456729
456985
457249
457513
457665
458041
458305
458577
458841
459097
-1
459625
459889
-1
460409
460689
460841
461209
461481
461745
462009
462273
462537
462809
-1
463337
463601
463865
464129
464393
464649
464913
465177
465441
465593
465961
-1
-1
466761
-1
-1
467561
-1
468081
468345
468609
468873
469129
469401
-1
469921
470185
-1
470721
470985
-1
-1
471793
-1
-1
-1
472841
473113
473377
473641
473905
474169
-1
474705
474969
-1
475505
-1
-1
476321
476577
476849
-1
-1
477657
477921
478193
478345
478721
478993
479257
479529
479793
480057
480337
480609
480865
481137
481409
481681
481945
482105
482481
482753
-1
-1
483545
-1
-1
484353
484633
484897
-1
485433
485705
485865
486241
486505
-1
487049
487305
487577
-1
489705
490505
490769
491041
491305
-1
491833
492089
492361
-1
492889
493169
-1
493697
493969
-1
494393
494769
-1
-1
495569
-1
-1
496361
-1
-1
-1
497433
497593
497969
-1
-1
-1
499033
499297
499553
-1
-1
-1
500609
-1
-1
503825
504097
504361
504633
-1
-1
505441
505489
505969
506257
506521
506785
507057
507321
507585
507849
-1
508377
508641
508905
-1
-1
509689
509953
-1
-1
510769
511041
511321
511473
511857
-1
512401
512665
512937
513201
513465
513729
514001
514273
514537
514809
515081
515345
515617
515881
516145
516425
516689
516833
517225
517497
517761
-1
518297
518569
518833
519113
519385
519649
519913
-1
-1
520705
-1
521217
521481
521745
522001
522153
522521
522785
-1
523305
523577
523833
524081
524345
524593
524857
525113
525369
525625
-1
526145
-1
-1
-1
527193
527449
527721
527889
527985
-1
528761
-1
-1
-1
-1
-1
530321
530577
-1
-1
531361
531625
531889
-1
-1
532681
-1
533209
533465
533737
533985
534249
534513
-1
535041
535297
-1
-1
536081
-1
-1
-1
-1
-1
-1
537913
538169
-1
-1
-1
-1
539465
539721
539985
540257
540521
540793
-1
541345
-1
541881
542049
542417
542673
-1
543201
543465
-1
543985
544249
544513
544777
545041
-1
-1
-1
546097
546361
546633
-1
-1
547428
547692
547948
548212
548476
548740
-1
549268
549540
549804
550060
550332
550492
550860
551132
551388
551660
551932
552188
552460
552612
553004
-1
-1
-1
-1
554364
-1
-1
555180
555444
-1
-1
-1
556484
556756
-1
557276
557540
557804
558068
558324
558492
558628
-1
-1
559556
559812
560068
560332
560588
-1
-1
-1
561636
561908
-1
-1
-1
562980
563244
-1
563764
563924
564292
564556
-1
-1
565348
565612
-1
566132
566396
-1
566916
567180
-1
-1
567948
-1
-1
568740
-1
569276
569540
-1
-1
-1
-1
-1
571156
-1
-1
571948
572212
572476
572740
572996
-1
573532
-1
574052
574316
574468
574844
575108
-1
575636
-1
-1
576412
-1
576932
-1
577444
577716
-1
-1
578500
578764
-1
579292
579556
579828
580100
-1
-1
-1
581156
581412
581668
-1
582196
-1
-1
-1
-1
-1
-1
584028
-1
584548
584804
-1
585316
585572
585828
586084
586348
-1
586860
-1
587380
-1
-1
-1
588428
588684
588932
589188
589452
589708
589972
590220
-1
590732
-1
-1
591492
591740
591996
592252
592500
592756
-1
-1
-1
593764
593988
-1
594524
594780
595044
-1
-1
595804
-1
596324
-1
596844
-1
-1
597620
597884
598140
-1
-1
-1
599172
599436
599692
599948
-1
-1
600716
600972
601228
601492
601748
-1
-1
602508
602764
603020
603268
603524
-1
-1
604284
-1
604804
-1
-1
605588
605852
606116
606372
-1
-1
-1
-1
607660
-1
608180
608428
-1
-1
-1
609460
-1
609980
610244
-1
610764
611020
-1
-1
611804
612068
612332
-1
612852
613108
-1
613628
613884
-1
-1
-1
614924
-1
615436
-1
-1
-1
-1
616724
-1
617244
617500
617748
618012
-1
-1
618780
-1
619284
619540
619796
620060
-1
620572
620836
621092
-1
-1
-1
622108
622372
622628
622884
-1
-1
623676
623940
624204
624468
624732
624884
625252
625516
-1
-1
-1
-1
-1
627068
627332
627596
-1
-1
-1
-1
628900
629156
629412
629676
629932
630188
630452
630708
-1
-1
631484
631756
-1
-1
632532
-1
-1
-1
-1
-1
634076
634332
-1
634852
-1
635380
-1
635900
636172
-1
636700
-1
637220
637484
-1
-1
-1
-1
-1
-1
-1
-1
639812
640068
640340
640604
640860
-1
-1
-1
641900
-1
-1
-1
642948
643212
-1
643732
643996
644244
-1
-1
-1
645292
645548
-1
-1
-1
646572
-1
-1
-1
647604
647860
648124
648388
-1
648916
-1
-1
-1
649940
