-1
-1
-1
-1
-1
-1
-1
-1
-1
-1
-1
-1
-1
-1
-1
-1
-1
-1
-1
-1
-1
-1
-1
-1
-1
-1
-1
-1
-1
-1
-1
-1
-1
-1
-1
-1
-1
-1
-1
-1
-1
-1
-1
-1
-1
-1
-1
12757
-1
-1
-1
-1
-1
-1
-1
-1
-1
-1
-1
-1
-1
-1
-1
-1
-1
-1
-1
-1
-1
-1
-1
-1
-1
-1
-1
-1
-1
-1
-1
-1
-1
-1
-1
-1
-1
-1
-1
-1
-1
-1
-1
-1
-1
-1
-1
-1
-1
-1
-1
-1
-1
-1
-1
-1
28552
-1
-1
-1
-1
-1
30185
-1
-1
-1
-1
-1
-1
-1
-1
-1
-1
-1
-1
-1
-1
-1
-1
-1
-1
-1
-1
35841
-1
-1
-1
-1
-1
-1
-1
-1
-1
-1
-1
-1
-1
-1
-1
-1
-1
-1
-1
-1
-1
42023
-1
-1
-1
-1
-1
-1
-1
-1
-1
-1
-1
-1
-1
-1
-1
-1
-1
-1
-1
-1
-1
-1
-1
-1
-1
-1
-1
-1
-1
-1
-1
-1
-1
-1
-1
-1
-1
-1
-1
-1
-1
53504
53888
-1
-1
-1
-1
-1
-1
-1
-1
56395
-1
56780
-1
-1
-1
-1
-1
-1
-1
-1
-1
-1
-1
-1
-1
-1
-1
-1
-1
-1
-1
-1
-1
-1
-1
-1
-1
-1
-1
-1
-1
-1
-1
-1
-1
-1
-1
-1
-1
-1
-1
-1
-1
-1
-1
-1
-1
-1
-1
-1
-1
-1
-1
-1
-1
-1
-1
-1
-1
-1
-1
-1
-1
-1
-1
-1
-1
-1
-1
-1
-1
-1
-1
-1
-1
-1
-1
-1
-1
77996
-1
-1
-1
-1
-1
-1
-1
-1
-1
-1
-1
-1
-1
-1
-1
-1
-1
-1
-1
-1
-1
-1
-1
-1
-1
-1
-1
-1
-1
-1
-1
-1
-1
-1
-1
-1
-1
-1
-1
-1
-1
-1
-1
-1
-1
-1
-1
-1
-1
-1
-1
-1
-1
-1
-1
-1
-1
-1
-1
-1
-1
-1
94990
-1
-1
-1
-1
-1
-1
-1
-1
-1
-1
-1
-1
-1
-1
-1
-1
-1
-1
-1
-1
-1
-1
-1
-1
-1
-1
-1
-1
-1
-1
-1
-1
-1
-1
-1
-1
-1
-1
-1
-1
-1
-1
-1
-1
-1
-1
-1
-1
-1
-1
-1
-1
-1
-1
-1
-1
-1
-1
-1
-1
-1
-1
-1
-1
-1
-1
-1
-1
-1
-1
-1
-1
-1
-1
-1
-1
-1
-1
-1
-1
-1
-1
-1
-1
-1
-1
-1
-1
-1
-1
-1
-1
-1
-1
-1
-1
-1
-1
-1
-1
-1
-1
-1
-1
-1
-1
-1
-1
-1
-1
-1
-1
-1
-1
-1
-1
-1
-1
-1
-1
-1
-1
-1
-1
-1
-1
-1
-1
-1
-1
-1
-1
-1
-1
-1
-1
132283
-1
-1
-1
-1
-1
-1
-1
-1
-1
-1
-1
-1
-1
-1
-1
-1
-1
-1
-1
-1
-1
-1
-1
-1
-1
-1
-1
-1
-1
-1
-1
-1
-1
-1
-1
-1
-1
-1
-1
-1
-1
-1
-1
-1
-1
-1
-1
-1
-1
-1
-1
-1
-1
-1
-1
-1
-1
-1
-1
-1
-1
148837
-1
-1
-1
-1
150304
-1
-1
-1
-1
-1
-1
-1
-1
-1
-1
-1
-1
-1
154060
-1
-1
-1
-1
-1
-1
-1
-1
-1
156734
-1
-1
-1
-1
-1
-1
-1
-1
-1
-1
-1
-1
-1
-1
-1
-1
-1
-1
-1
-1
-1
-1
-1
-1
-1
-1
-1
-1
-1
-1
-1
165239
-1
-1
-1
-1
-1
-1
-1
-1
-1
-1
-1
-1
-1
-1
-1
-1
-1
169991
-1
-1
-1
-1
-1
-1
-1
-1
-1
-1
-1
-1
-1
-1
173944
-1
-1
-1
-1
-1
-1
-1
-1
-1
176419
-1
-1
-1
-1
-1
-1
-1
-1
178963
-1
-1
-1
-1
-1
-1
-1
-1
-1
-1
-1
-1
-1
-1
-1
-1
-1
-1
-1
-1
-1
-1
-1
-1
-1
-1
-1
-1
-1
-1
-1
-1
-1
-1
-1
-1
-1
-1
-1
-1
-1
-1
190371
-1
-1
-1
-1
-1
-1
-1
-1
-1
-1
-1
-1
-1
-1
-1
-1
-1
-1
-1
-1
196097
-1
-1
-1
-1
-1
-1
-1
-1
-1
-1
-1
-1
-1
199786
-1
-1
-1
-1
-1
-1
-1
-1
-1
-1
-1
-1
-1
-1
-1
-1
-1
-1
-1
-1
-1
-1
-1
-1
206580
-1
-1
-1
-1
-1
-1
208382
-1
-1
-1
-1
209882
-1
-1
-1
-1
-1
-1
-1
-1
-1
-1
-1
-1
-1
213665
-1
-1
-1
-1
-1
-1
-1
215778
-1
-1
-1
-1
-1
-1
-1
-1
-1
-1
218528
-1
219261
-1
-1
-1
220389
-1
-1
-1
-1
-1
-1
-1
222620
-1
-1
-1
-1
-1
-1
-1
-1
-1
-1
-1
-1
-1
-1
-1
-1
-1
-1
-1
-1
-1
-1
-1
-1
229503
-1
-1
-1
-1
-1
-1
-1
-1
-1
-1
-1
-1
233115
-1
-1
233996
-1
-1
-1
-1
-1
-1
-1
-1
-1
-1
-1
-1
-1
-1
-1
-1
-1
-1
-1
-1
-1
-1
-1
-1
-1
-1
-1
-1
-1
-1
-1
-1
-1
-1
-1
-1
-1
-1
-1
-1
-1
-1
-1
-1
-1
-1
-1
-1
-1
-1
-1
-1
-1
-1
-1
-1
-1
-1
-1
-1
-1
-1
-1
-1
-1
-1
-1
-1
-1
-1
-1
-1
-1
-1
-1
-1
-1
-1
-1
-1
-1
-1
-1
-1
-1
-1
257996
-1
-1
-1
-1
-1
-1
-1
-1
-1
-1
-1
261188
-1
-1
-1
-1
-1
262845
-1
-1
-1
-1
-1
-1
-1
-1
-1
-1
-1
-1
-1
-1
-1
-1
-1
-1
-1
-1
-1
-1
-1
-1
-1
-1
-1
-1
-1
-1
-1
-1
-1
-1
-1
-1
-1
-1
-1
-1
-1
-1
-1
-1
-1
-1
-1
-1
-1
-1
-1
-1
-1
-1
-1
-1
-1
-1
-1
-1
-1
-1
-1
-1
-1
-1
281951
-1
-1
282778
-1
-1
-1
-1
-1
-1
-1
-1
-1
-1
-1
-1
-1
-1
-1
-1
-1
-1
-1
-1
-1
-1
-1
-1
-1
-1
-1
-1
-1
-1
-1
-1
-1
-1
-1
-1
-1
-1
-1
-1
-1
-1
-1
-1
-1
-1
-1
-1
-1
-1
-1
-1
-1
-1
-1
-1
-1
-1
-1
-1
-1
-1
-1
-1
-1
-1
-1
-1
-1
-1
-1
-1
-1
-1
-1
-1
-1
-1
-1
-1
-1
-1
-1
-1
-1
-1
-1
-1
-1
-1
-1
-1
-1
-1
-1
-1
-1
-1
-1
-1
-1
-1
-1
-1
-1
-1
-1
-1
-1
-1
-1
-1
-1
-1
-1
-1
-1
-1
-1
-1
-1
-1
-1
-1
-1
-1
-1
-1
-1
-1
-1
-1
-1
-1
-1
-1
-1
-1
-1
-1
-1
-1
-1
-1
-1
-1
-1
324004
-1
-1
-1
-1
-1
-1
-1
-1
-1
-1
-1
-1
-1
-1
-1
-1
-1
-1
-1
-1
-1
-1
-1
-1
-1
-1
-1
-1
-1
-1
-1
-1
-1
-1
-1
-1
-1
-1
-1
-1
-1
-1
335928
-1
-1
-1
-1
-1
-1
-1
-1
-1
-1
-1
-1
-1
-1
-1
-1
-1
-1
-1
-1
-1
-1
-1
-1
-1
-1
-1
-1
-1
344176
344489
-1
-1
-1
-1
-1
-1
-1
-1
-1
-1
-1
-1
348018
-1
-1
-1
-1
-1
-1
-1
-1
-1
-1
-1
-1
-1
-1
-1
-1
-1
-1
-1
-1
353736
354000
-1
354549
354817
355080
355357
-1
-1
356162
-1
-1
-1
-1
-1
357734
358055
-1
358585
-1
359140
-1
359653
359955
-1
-1
-1
-1
361566
-1
-1
-1
-1
-1
-1
-1
-1
-1
-1
-1
-1
-1
-1
-1
-1
-1
-1
-1
-1
-1
-1
-1
-1
-1
-1
-1
-1
-1
-1
-1
-1
-1
-1
-1
-1
-1
-1
372119
-1
-1
-1
-1
-1
-1
-1
-1
-1
374833
-1
-1
-1
-1
-1
-1
-1
-1
-1
-1
-1
-1
-1
-1
-1
-1
-1
-1
-1
-1
-1
-1
-1
-1
-1
-1
-1
-1
-1
-1
-1
-1
-1
-1
-1
-1
-1
-1
-1
385641
-1
-1
-1
386719
-1
387284
-1
-1
-1
-1
-1
-1
-1
389443
-1
-1
-1
-1
-1
-1
-1
-1
-1
-1
-1
-1
392872
-1
-1
-1
-1
-1
-1
-1
-1
-1
-1
-1
-1
-1
-1
-1
-1
-1
-1
-1
-1
-1
398851
399175
-1
-1
-1
-1
-1
-1
401038
-1
-1
-1
-1
-1
-1
-1
-1
-1
-1
-1
-1
-1
-1
-1
-1
405636
-1
-1
-1
-1
-1
-1
-1
407823
408097
-1
-1
-1
-1
-1
-1
-1
-1
-1
-1
-1
-1
-1
-1
-1
-1
412683
-1
-1
-1
-1
413996
-1
-1
-1
-1
-1
-1
-1
-1
-1
-1
-1
-1
-1
-1
-1
-1
-1
-1
-1
-1
-1
-1
-1
-1
-1
-1
-1
-1
-1
-1
-1
-1
-1
-1
-1
423757
-1
-1
-1
-1
-1
-1
425642
-1
-1
-1
-1
-1
-1
-1
-1
-1
-1
-1
-1
-1
-1
-1
-1
-1
430533
-1
-1
-1
-1
-1
-1
-1
-1
-1
-1
-1
-1
-1
434332
-1
-1
-1
-1
-1
-1
-1
-1
-1
-1
437230
-1
-1
-1
-1
-1
-1
-1
-1
-1
-1
-1
-1
-1
-1
-1
-1
-1
-1
-1
-1
-1
-1
-1
-1
443967
-1
-1
-1
-1
-1
-1
-1
-1
-1
-1
-1
-1
-1
-1
-1
448230
-1
-1
-1
-1
-1
-1
-1
-1
-1
-1
-1
-1
-1
-1
-1
-1
-1
-1
-1
-1
-1
-1
454257
454581
-1
-1
-1
-1
-1
-1
-1
-1
-1
-1
-1
-1
457944
-1
-1
-1
-1
-1
-1
-1
-1
-1
-1
-1
461126
-1
-1
-1
-1
-1
-1
-1
463263
-1
-1
-1
-1
-1
-1
-1
-1
-1
465882
-1
-1
-1
-1
-1
-1
-1
468003
-1
-1
-1
-1
-1
-1
-1
-1
-1
-1
-1
-1
-1
-1
-1
-1
-1
472751
473064
-1
-1
-1
-1
-1
-1
-1
-1
-1
-1
-1
-1
-1
-1
-1
-1
-1
-1
-1
-1
-1
-1
-1
-1
-1
479996
-1
-1
-1
-1
-1
-1
-1
-1
482394
-1
-1
-1
-1
-1
-1
-1
-1
-1
-1
485383
-1
-1
-1
486462
-1
486992
-1
487564
-1
489622
490462
490723
490990
491253
-1
491784
492023
-1
-1
492842
493107
-1
493647
493874
-1
-1
494714
-1
-1
495517
-1
-1
496311
-1
-1
-1
-1
-1
497920
-1
-1
-1
-1
-1
-1
-1
-1
-1
-1
-1
-1
-1
504000
-1
-1
-1
-1
-1
505447
-1
-1
506417
-1
-1
-1
-1
-1
-1
-1
-1
-1
-1
-1
-1
-1
-1
-1
-1
-1
-1
-1
511754
-1
-1
-1
-1
-1
-1
-1
-1
-1
-1
-1
-1
-1
-1
-1
-1
-1
-1
-1
-1
517446
-1
-1
-1
-1
-1
-1
-1
-1
-1
-1
-1
520652
-1
521167
-1
-1
521948
-1
522429
522739
-1
-1
-1
-1
-1
-1
-1
-1
-1
-1
-1
-1
-1
-1
-1
-1
-1
-1
-1
527781
527892
-1
-1
-1
-1
-1
-1
-1
-1
-1
-1
-1
531303
531576
531831
-1
-1
532647
-1
533153
533416
533691
533941
534197
534470
-1
534987
535242
-1
-1
536031
-1
-1
-1
-1
-1
-1
537861
538124
-1
-1
-1
-1
539408
539671
539936
540203
540443
540741
-1
541292
-1
541830
-1
542365
542627
-1
543150
543417
-1
543934
544199
544462
544730
544979
-1
-1
-1
545997
546312
-1
-1
-1
547376
-1
547895
548163
548424
548688
-1
549219
549493
549756
550011
-1
-1
550803
551079
551332
551606
551873
552136
552423
-1
-1
-1
-1
-1
-1
554318
-1
-1
555124
555400
-1
-1
-1
556445
556709
-1
557224
557491
557753
558007
558273
-1
558596
-1
-1
559497
559762
560023
560278
560542
-1
-1
-1
561587
561859
-1
-1
-1
562931
563189
-1
563711
-1
564241
564502
-1
-1
565290
565562
-1
566079
566343
-1
566859
-1
-1
-1
567902
-1
-1
568683
-1
569223
569488
-1
-1
-1
-1
-1
571098
-1
-1
571900
572162
572419
572693
572946
-1
573475
-1
574002
574266
-1
574783
575056
-1
575586
-1
-1
576357
-1
576885
-1
577388
577665
-1
-1
578447
578708
-1
579241
579505
579779
580042
-1
-1
-1
581101
581362
581618
-1
-1
-1
-1
-1
-1
-1
-1
583980
-1
584511
584752
-1
585264
585529
585780
586034
586299
-1
586804
-1
587330
-1
-1
-1
588337
588614
588839
589083
589363
589618
-1
-1
-1
590677
-1
-1
591439
591690
591942
592195
592449
592699
-1
-1
-1
593708
-1
-1
594476
594729
594993
-1
-1
595761
-1
596266
-1
596793
-1
-1
597574
597828
598092
-1
-1
-1
599124
599386
599644
599893
-1
-1
600660
600924
601177
601441
601695
-1
-1
602451
602713
602968
603218
603471
-1
-1
604240
-1
604753
-1
-1
605537
605798
606058
606327
-1
-1
-1
-1
607604
-1
608130
608381
-1
-1
-1
609403
-1
609920
610184
-1
610709
610970
-1
-1
611754
612009
612283
-1
612800
613054
-1
613571
613833
-1
-1
-1
614868
-1
615384
-1
-1
-1
-1
616678
-1
617193
617447
617700
617952
-1
-1
618728
-1
619235
619489
619750
620006
-1
620521
620780
621038
-1
-1
-1
622058
622321
622574
622836
-1
-1
623618
623882
624145
624410
624687
-1
625192
625465
-1
-1
-1
-1
-1
627017
627279
627543
-1
-1
-1
-1
628852
629104
629357
629622
629884
630138
630400
630654
-1
-1
631434
631702
-1
-1
632478
-1
-1
-1
-1
-1
634026
634280
-1
634794
-1
635325
-1
635840
636116
-1
636644
-1
637169
637436
-1
-1
-1
-1
-1
-1
-1
-1
639753
640015
640280
640553
640809
-1
-1
-1
641854
-1
-1
-1
642898
643161
-1
643679
643947
644205
-1
-1
-1
645241
645494
-1
-1
-1
646524
-1
-1
-1
647557
647810
648074
648337
-1
648864
-1
-1
-1
649889
