16
284
562
838
1105
1370
1640
1910
2181
2448
2719
2988
3256
3530
3797
4067
4345
4615
4887
5165
5435
5707
5978
6255
6533
6803
7085
7360
7634
7911
8184
8458
8739
9011
9284
9561
9831
10102
10373
10644
10919
11189
11461
11735
12013
12284
12552
12827
13113
13388
13667
13951
14222
14498
14773
15045
15320
15591
15864
16138
16415
16687
16954
17230
17513
17790
18070
18352
18633
18914
19189
19470
19754
20027
20306
20589
20866
21146
21422
21700
21985
22263
22550
22825
23098
23380
23654
23931
24208
24482
24762
25044
25312
25592
25868
26151
26424
26698
26982
27254
27528
27802
28076
28356
28626
28896
29174
29447
29716
29988
30259
30540
30814
31085
31366
31644
31913
32188
32459
32739
33008
33281
33567
33843
34120
34399
34676
34959
35132
35516
35794
35968
36344
36617
36890
37169
37441
37719
37995
38266
38540
38813
39090
39369
39645
39926
40203
40482
40759
41032
41313
41593
41868
42146
42423
42694
42968
43242
43519
43803
44078
44360
44638
44911
45188
45461
45740
46020
46294
46579
46859
47135
47413
47691
47970
48252
48527
48803
49080
49352
49625
49899
50172
50445
50715
50998
51269
51535
51817
52084
52365
52644
52915
53198
53475
53645
54015
54289
54560
54832
55103
55379
55649
55917
56184
56464
56741
56929
57283
57560
57832
58094
58361
58629
58898
59163
59433
59708
59973
60240
60514
60781
61057
61332
61598
61877
62144
62408
62679
62949
63216
63486
63756
64032
64302
64568
64843
65112
65389
65661
65931
66211
66481
66748
67019
67288
67561
67834
68104
68382
68651
68917
69194
69462
69737
70011
70280
70559
70830
71099
71370
71638
71908
72181
72450
72720
72990
73259
73529
73791
74065
74340
74604
74774
75146
75418
75683
75951
76215
76488
76755
77018
77293
77561
77824
78090
78361
78631
78898
79164
79439
79704
79967
80239
80504
80769
81040
81305
81575
81844
82111
82378
82646
82914
83184
83449
83721
83990
84257
84524
84785
85053
85328
85593
85860
86133
86403
86669
86940
87210
87486
87753
88027
88302
88574
88845
89112
89384
89662
89932
90206
90483
90758
91032
91306
91580
91858
92130
92406
92680
92947
93221
93484
93750
94026
94291
94567
94755
95106
95382
95553
95921
96110
96470
96738
97010
97273
97543
97804
98070
98345
98611
98879
99152
99424
99700
99974
100252
100536
100816
101093
101377
101656
101933
102206
102484
102766
103038
103319
103597
103874
104153
104328
104694
104971
105239
105408
105774
106041
106301
106563
106823
107094
107357
107625
107906
108185
108463
108744
109024
109314
109590
109867
110153
110431
110700
110977
111250
111532
111806
112080
112362
112640
112914
113186
113458
113737
114004
114275
114549
114821
115085
115356
115634
115911
116185
116459
116738
117009
117284
117551
117817
118094
118358
118621
118895
119162
119424
119690
119955
120228
120494
120759
121031
121303
121571
121837
122106
122382
122647
122912
123185
123454
123715
123982
124249
124521
124788
125053
125329
125599
125783
126133
126400
126673
126936
127200
127473
127740
128004
128277
128547
128820
129094
129363
129640
129912
130181
130454
130721
130998
131273
131544
131820
132024
132356
132630
132899
133171
133442
133709
133985
134258
134526
134698
135064
135337
135610
135878
136149
136421
136689
136962
137227
137494
137772
138037
138304
138578
138850
139109
139376
139642
139913
140178
140443
140716
140897
141248
141518
141787
142062
142330
142599
142881
143154
143421
143694
143964
144239
144509
144777
145053
145318
145579
145846
146110
146378
146645
146908
147179
147447
147706
147980
148245
148515
148792
148980
149334
149605
149874
150065
150408
150681
150952
151218
151494
151766
152032
152304
152570
152750
153108
153376
153644
153820
154167
154434
154694
154957
155227
155490
155764
156042
156313
156506
156855
157121
157395
157661
157923
158189
158455
158716
158976
159240
159510
159767
160032
160304
160569
160829
161094
161354
161618
161884
162141
162410
162673
162934
163199
163466
163735
164003
164270
164542
164811
164996
165339
165600
165860
166128
166384
166641
166908
167170
167426
167690
167951
168131
168480
168744
169015
169277
169535
169740
170059
170320
170589
170841
171101
171367
171626
171883
172146
172409
172675
172940
173205
173394
173743
174005
174269
174528
174798
175061
175321
175589
175854
176114
176382
176556
176908
177179
177442
177712
177977
178244
178509
178705
179036
179308
179567
179828
180099
180358
180623
180887
181148
181337
181686
181953
182225
182497
182761
183029
183303
183487
183852
184124
184408
184591
184951
185223
185494
185769
186040
186313
186586
186860
187123
187389
187658
187932
188194
188457
188731
188997
189261
189527
189792
190064
190333
190509
190871
191140
191399
191663
191924
192195
192457
192718
192991
193255
193514
193784
194049
194312
194586
194851
195118
195389
195656
195844
196183
196454
196719
196983
197246
197514
197780
198044
198308
198570
198843
199109
199375
199555
199914
200177
200443
200708
200974
201236
201499
201769
202033
202299
202571
202837
203110
203385
203656
203835
204207
204481
204758
205031
205303
205483
205853
206138
206347
206688
206966
207237
207514
207792
208066
208351
208526
208899
209180
209457
209634
210005
210279
210556
210743
211095
211366
211634
211910
212177
212440
212717
212978
213237
213419
213765
214030
214294
214554
214823
215087
215345
215528
215871
216141
216408
216673
216943
217213
217480
217658
218032
218314
218527
218661
219052
219342
219624
219809
220177
220466
220752
220934
221316
221595
221866
222043
222413
222688
222963
223237
223522
223802
224081
224371
224654
224948
225233
225518
225809
226090
226366
226647
226915
227193
227461
227724
228002
228270
228533
228804
229075
229267
229622
229891
230168
230437
230700
230972
231237
231516
231790
232061
232349
232527
232902
233184
233466
233652
234027
234308
234593
234874
235147
235428
235708
236001
236279
236566
236858
237141
237421
237701
237977
238260
238539
238815
239092
239274
239639
239911
240187
240461
240732
241015
241286
241558
241837
242112
242392
242671
242852
243224
243499
243769
244044
244310
244491
244851
245118
245392
245660
245922
246193
246462
246737
247014
247288
247564
247843
248114
248388
248663
248843
249209
249483
249766
250036
250304
250581
250854
251138
251413
251591
251961
252236
252500
252772
253040
253314
253587
253857
254142
254420
254694
254976
255258
255550
255829
256110
256401
256684
256965
257244
257525
257809
258089
258372
258653
258934
259212
259488
259662
260050
260325
260602
260883
261157
261332
261706
261979
262261
262535
262813
262992
263365
263646
263920
264108
264480
264757
265042
265318
265593
265876
266159
266446
266738
267028
267322
267613
267905
268188
268478
268772
269050
269335
269623
269900
270183
270464
270746
271029
271311
271600
271884
272167
272452
272740
273034
273240
273594
273886
274167
274442
274720
275000
275284
275565
275853
276134
276414
276703
276984
277275
277557
277832
278125
278408
278681
278962
279242
279528
279805
280085
280365
280644
280921
281191
281472
281754
282023
282194
282574
282843
283119
283389
283656
283931
284205
284474
284749
285023
285298
285571
285852
286133
286407
286692
286970
287145
287522
287797
288070
288352
288629
288906
289191
289471
289749
290032
290318
290600
290879
291168
291449
291725
292010
292288
292568
292851
293131
293421
293704
293983
294268
294553
294841
295121
295401
295688
295971
296245
296521
296798
297083
297358
297638
297919
298200
298480
298761
298941
299281
299569
299755
300133
300410
300690
300964
301243
301526
301803
302093
302282
302647
302934
303213
303498
303776
304055
304339
304622
304900
305176
305458
305743
306022
306309
306596
306874
307163
307450
307734
308018
308300
308586
308870
309144
309419
309696
309980
310254
310526
310811
311085
311356
311634
311906
312185
312456
312729
313004
313277
313548
313813
314083
314360
314629
314895
315175
315448
315717
315995
316273
316554
316831
317107
317390
317669
317946
318220
318498
318785
319060
319340
319625
319905
320183
320464
320744
321028
321307
321588
321872
322149
322426
322699
322978
323256
323527
323805
324079
324353
324631
324904
325182
325459
325732
326011
326289
326559
326830
327105
327382
327659
327933
328217
328494
328767
329052
329326
329607
329887
330159
330449
330729
331005
331284
331565
331848
332123
332403
332687
332967
333250
333523
333803
334081
334353
334630
334906
335177
335450
335726
336002
336279
336555
336842
337124
337399
337690
337969
338255
338536
338811
339097
339378
339649
339923
340203
340483
340756
341036
341312
341589
341765
342131
342408
342686
342954
343223
343497
343765
343944
344292
344559
344831
345095
345362
345632
345904
346173
346442
346713
346993
347265
347535
347818
348087
348353
348628
348902
349181
349455
349730
350012
350289
350563
350836
351110
351387
351658
351925
352205
352472
352648
353002
353270
353541
353806
354072
354348
354620
354887
355156
355425
355698
355967
356231
356508
356776
357036
357311
357490
357848
358122
358391
358667
358938
359206
359478
359744
360016
360224
360661
361094
361357
361631
361898
362172
362444
362713
362991
363266
363531
363805
364076
364351
364620
364887
365164
365430
365691
365965
366227
366499
366772
367040
367319
367590
367858
368132
368403
368677
368943
369212
369491
369761
370020
370294
370563
370840
371108
371374
371654
371927
372192
372468
372738
373012
373283
373551
373831
374099
374271
374637
374906
375178
375446
375711
375988
376261
376524
376798
377072
377344
377527
377886
378165
378429
378691
378965
379229
379500
379773
380039
380311
380584
380853
381123
381307
381662
381936
382202
382471
382738
383004
383275
383534
383803
384079
384345
384615
384897
385076
385441
385715
385985
386262
386529
386798
387072
387337
387603
387866
388135
388412
388678
388855
389224
389498
389763
390033
390299
390568
390836
391101
391375
391644
391911
392181
392451
392635
392995
393265
393541
393815
394080
394347
394618
394894
395164
395435
395713
395986
396255
396526
396796
397076
397340
397610
397888
398162
398432
398608
398967
399245
399514
399782
400049
400315
400581
400843
401109
401379
401640
401906
402177
402446
402710
402976
403242
403519
403789
404060
404338
404611
404885
405058
405430
405710
405978
406251
406530
406807
407079
407256
407615
407896
408167
408432
408707
408978
409240
409505
409777
409956
410314
410582
410859
411129
411396
411670
411938
412119
412483
412750
413026
413296
413560
413828
414095
414365
414634
414903
415180
415450
415717
415993
416263
416540
416816
417085
417365
417637
417902
418174
418443
418716
418988
419258
419534
419713
420068
420342
420607
420882
421154
421417
421690
421958
422216
422485
422752
423021
423288
423553
423829
424097
424363
424636
424903
425083
425444
425709
425980
426244
426504
426772
427039
427309
427581
427851
428131
428403
428674
428953
429223
429507
429784
429957
430332
430607
430874
431148
431416
431692
431959
432227
432503
432776
433043
433315
433586
433765
434131
434398
434677
434947
435207
435475
435741
436013
436278
436547
436823
437003
437358
437628
437893
438167
438436
438698
438975
439242
439505
439777
440045
440312
440583
440850
441120
441390
441657
441925
442185
442453
442726
442987
443252
443521
443787
444049
444315
444577
444847
445111
445377
445651
445922
446185
446448
446714
446982
447246
447506
447779
448041
448298
448567
448828
449095
449362
449628
449899
450167
450427
450693
450956
451219
451485
451744
452011
452271
452532
452796
453055
453316
453586
453849
454022
454381
454649
454911
455171
455435
455701
455960
456221
456486
456747
457006
457270
457529
457708
458059
458323
458593
458859
459119
459381
459644
459911
460173
460433
460707
460884
461228
461499
461762
462029
462293
462558
462831
463007
463353
463621
463883
464147
464410
464669
464937
465197
465458
465632
465983
466248
466515
466778
467040
467311
467579
467839
468100
468364
468633
468892
469150
469419
469680
469939
470207
470469
470738
471007
471270
471542
471811
472072
472335
472510
472862
473134
473393
473660
473925
474191
474461
474723
474991
475261
475528
475792
476068
476337
476598
476866
477135
477407
477674
477941
478212
478388
478745
479011
479278
479548
479813
480078
480357
480625
480886
481155
481425
481698
481964
482146
482499
482770
483031
483300
483567
483840
484109
484372
484652
484919
485180
485451
485724
485905
486261
486527
486799
487067
487329
487595
487705
490263
490527
490789
491059
491323
491582
491852
492111
492379
492646
492909
493186
493453
493716
493986
494253
494432
494788
495056
495327
495587
495848
496119
496378
496647
496919
497183
497453
497633
497986
498254
498520
498780
499053
499313
499575
499840
500102
500366
500630
503304
503574
503842
504113
504383
504650
504919
505188
505462
505906
505998
506275
506541
506804
507074
507339
507604
507871
508134
508397
508661
508922
509184
509442
509705
509975
510240
510514
510789
511064
511339
511514
511879
512156
512420
512684
512955
513222
513489
513751
514021
514293
514557
514827
515098
515366
515634
515900
516168
516442
516707
516874
517242
517514
517782
518046
518316
518588
518855
519130
519402
519667
519936
520200
520462
520726
520982
521236
521499
521763
522021
522196
522540
522808
523068
523328
523597
523854
524105
524363
524617
524875
525130
525387
525647
525904
526161
526424
526679
526944
527210
527470
527737
527925
528264
528525
528782
529040
529302
529558
529814
530078
530339
530594
530855
531115
531381
531643
531906
532174
532437
532702
532966
533225
533485
533755
534013
534269
534536
534798
535057
535315
535576
535841
536098
536359
536628
536887
537143
537408
537668
537932
538191
538447
538707
538965
539224
539482
539740
540006
540275
540540
540814
541088
541362
541631
541897
542090
542436
542694
542950
543218
543483
543742
544002
544266
544533
544796
545059
545325
545592
545851
546116
546381
546651
546912
547172
547445
547710
547966
548228
548492
548757
549023
549286
549560
549826
550084
550351
550537
550880
551148
551406
551678
551948
552206
552477
552650
553026
553299
553571
553851
554120
554386
554659
554927
555199
555460
555722
555991
556254
556508
556772
557033
557297
557559
557820
558084
558342
558529
558673
559043
559306
559574
559830
560086
560351
560611
560865
561130
561392
561657
561926
562194
562466
562729
562996
563261
563520
563783
563969
564310
564573
564842
565105
565366
565628
565889
566151
566413
566609
566936
567198
567450
567712
567970
568235
568497
568758
569025
569296
569558
569827
570097
570362
570637
570905
571173
571441
571704
571968
572229
572495
572760
573019
573283
573549
573809
574072
574334
574510
574864
575126
575386
575652
575915
576172
576428
576687
576953
577208
577464
577734
577994
578251
578516
578780
579043
579309
579574
579848
580116
580376
580643
580904
581175
581432
581686
581954
582214
582467
582733
582994
583257
583522
583698
584050
584312
584565
584822
585075
585332
585596
585847
586102
586366
586625
586877
587136
587396
587658
587921
588177
588444
588704
588956
589212
589470
589729
589990
590242
590496
590755
591007
591258
591509
591759
592014
592270
592517
592775
593027
593278
593530
593781
594037
594296
594545
594798
595060
595314
595569
595825
596082
596341
596602
596860
597122
597383
597641
597900
598158
598419
598683
598937
599190
599456
599711
599964
600219
600473
600735
600992
601247
601511
601766
602017
602274
602524
602780
603036
603286
603542
603801
604056
604309
604566
604822
605091
605352
605608
605872
606136
606390
606651
606910
607171
607424
607677
607943
608197
608446
608706
608962
609215
609477
609735
609997
610262
610520
610781
611038
611303
611569
611824
612084
612350
612609
612868
613126
613385
613648
613906
614163
614427
614689
614941
615198
615455
615715
615969
616226
616488
616745
617000
617261
617516
617766
618029
618284
618538
618796
619056
619304
619559
619816
620081
620336
620591
620852
621109
621361
621618
621871
622128
622390
622647
622905
623171
623438
623693
623958
624221
624487
624748
624922
625273
625532
625787
626049
626305
626563
626828
627086
627351
627614
627874
628135
628394
628657
628920
629174
629432
629695
629952
630209
630468
630724
630987
631247
631505
631775
632035
632287
632548
632803
633060
633314
633571
633833
634093
634350
634611
634868
635129
635397
635654
635919
636190
636455
636716
636977
637240
637505
637762
638022
638282
638537
638794
639050
639305
639569
639832
640089
640357
640622
640877
641138
641395
641660
641919
642179
642448
642707
642964
643229
643490
643749
644015
644274
644539
644802
645056
645312
645569
645827
646091
646340
646596
646858
647115
647368
647625
647880
648145
648406
648664
648934
649192
649443
649703
649959
