163
519
851
1212
1631
1978
2328
2700
3067
3407
3739
4115
4490
4824
5181
5521
5846
6162
6498
6858
7182
7497
7838
8186
8519
8832
9165
9499
9842
10159
10493
10830
11160
11475
11792
12114
12430
12737
13088
13424
13735
14089
14472
14810
15192
15601
15965
16319
16696
17073
17427
17788
18164
18519
18865
19217
19569
19883
20204
20540
20876
21176
21489
21834
22170
22520
22880
23220
23542
23873
24237
24566
24918
25287
25660
26013
26375
26734
27070
27384
27710
28037
28356
28666
28988
29354
29674
30004
30354
30695
31032
31382
31767
32110
32452
32798
33146
33472
33812
34162
34511
34829
35198
35543
35867
36234
36610
36925
37252
37634
38011
38335
38703
39098
39436
39774
40137
40503
40823
41157
41515
41844
42147
42465
42809
43134
43454
43802
44156
44478
44822
45190
45525
45862
46245
46608
46925
47237
47566
47878
48193
48523
48861
49192
49539
49893
50225
50546
50916
51274
51601
51947
52315
52643
52954
53285
53613
53915
54225
54558
54886
55197
55527
55927
56281
56614
56984
57331
57639
57983
58381
58727
59068
59430
59783
60092
60430
60779
61125
61440
61775
62144
62477
62780
63135
63515
63847
64189
64568
64926
65240
65549
65864
66179
66478
66794
67140
67466
67801
68233
68603
68976
69357
69738
70096
70471
70841
71195
71569
71939
72308
72659
73018
73381
73726
74079
74436
74799
75133
75470
75834
76195
76528
76868
77235
77589
77912
78234
78564
78876
79192
79507
79830
80146
80487
80844
81198
81518
81854
82174
82478
82794
83111
83408
83708
84023
84324
84614
84914
85226
85534
85876
86235
86581
86958
87321
87655
88007
88333
88638
88938
89258
89615
89961
90306
90701
91101
91467
91836
92217
92572
92896
93260
93634
93974
94291
94653
95012
95333
95665
96012
96335
96640
96981
97350
97679
98040
98413
98729
99039
99374
99702
100010
100329
100665
100988
101338
101732
102087
102418
102776
103156
103501
103841
104198
104533
104851
105190
105575
105958
106307
106650
106988
107302
107619
107927
108262
108590
108922
109285
109655
109992
110355
110743
111113
111446
111800
112187
112538
112861
113201
113556
113883
114204
114544
114879
115199
115533
115874
116199
116528
116890
117263
117588
117927
118311
118638
118967
119309
119662
119983
120314
120661
121019
121336
121685
122041
122360
122667
123002
123355
123675
123996
124380
124755
125083
125424
125766
126098
126398
126733
127130
127472
127789
128136
128503
128816
129133
129481
129823
130129
130448
130794
131113
131415
131740
132084
132407
132714
133045
133419
133779
134106
134492
134861
135191
135531
135899
136228
136529
136856
137212
137529
137842
138203
138585
138915
139262
139662
140005
140318
140673
141057
141391
141695
142049
142417
142774
143112
143483
143881
144234
144556
144915
145261
145579
145888
146225
146570
146885
147207
147561
147939
148278
148651
149035
149368
149682
150004
150332
150638
150955
151288
151631
151939
152251
152584
152922
153226
153564
153937
154296
154627
154965
155298
155608
155908
156237
156591
156911
157216
157543
157853
158148
158449
158802
159152
159475
159866
160259
160589
160929
161286
161620
161935
162253
162590
162918
163219
163525
163859
164169
164482
164811
165184
165540
165855
166176
166509
166825
167129
167424
167715
168014
168322
168625
168934
169236
169679
170096
170462
170827
171201
171581
171939
172316
172690
173055
173411
173775
174131
174453
174790
175175
175527
175855
176225
176593
176919
177241
177591
177945
178291
178606
178958
179329
179708
180032
180355
180690
181027
181332
181646
181995
182351
182670
183006
183380
183734
184042
184384
184761
185097
185414
185750
186082
186388
186702
187030
187351
187662
187989
188337
188686
189008
189361
189764
190122
190473
190825
191168
191484
191820
192174
192507
192835
193165
193524
193866
194217
194573
194917
195242
195580
195914
196241
196556
196874
197209
197536
197849
198185
198532
198890
199215
199558
199925
200257
200579
200909
201224
201540
201875
202233
202570
202910
203288
203627
203945
204283
204629
204964
205287
205636
205988
206297
206626
206961
207280
207589
207919
208293
208620
208928
209300
209678
210005
210324
210676
211021
211335
211656
211991
212312
212613
212923
213257
213585
213883
214202
214551
214870
215170
215483
215809
216122
216419
216723
217091
217414
217715
218041
218374
218692
218990
219309
219672
220008
220312
220632
220978
221291
221591
221932
222295
222611
222912
223232
223615
223953
224301
224684
225033
225339
225684
226039
226368
226677
227002
227360
227678
227985
228304
228616
228924
229233
229566
229883
230197
230499
230792
231084
231411
231740
232041
232345
232683
232999
233301
233624
233974
234302
234605
234935
235303
235633
235939
236294
236663
236992
237301
237657
238002
238311
238633
238985
239322
239630
239954
240311
240631
240934
241263
241610
241935
242237
242550
242911
243237
243542
243876
244204
244514
244810
245127
245471
245785
246077
246396
246707
247018
247306
247617
247941
248248
248546
248866
249210
249530
249836
250179
250542
250864
251200
251540
251881
252198
252512
252868
253228
253543
253912
254293
254628
254948
255272
255627
255941
256275
256680
257066
257402
257743
258110
258430
258735
259049
259367
259680
260005
260336
260664
260990
261338
261731
262081
262417
262743
263056
263368
263684
263993
264307
264605
264916
265245
265565
265873
266188
266494
266789
267082
267403
267753
268068
268417
268844
269204
269555
269924
270278
270595
270929
271293
271625
271931
272276
272665
273017
273336
273684
274053
274387
274709
275049
275420
275747
276067
276415
276763
277074
277412
277772
278113
278428
278760
279108
279412
279705
280007
280323
280622
280913
281225
281560
281865
282154
282471
282806
283122
283419
283749
284127
284445
284772
285106
285428
285731
286043
286361
286678
286980
287281
287624
287947
288258
288576
288907
289232
289536
289899
290293
290650
291000
291350
291707
292023
292348
292702
293059
293389
293740
294122
294475
294794
295143
295496
295837
296145
296462
296814
297134
297435
297759
298111
298463
298777
299116
299467
299781
300089
300412
300745
301063
301379
301710
302054
302368
302693
303091
303470
303806
304138
304475
304808
305111
305453
305811
306160
306470
306792
307137
307492
307801
308126
308460
308800
309109
309419
309764
310090
310388
310712
311045
311369
311671
311971
312281
312597
312888
313188
313514
313868
314185
314544
314993
315362
315740
316123
316500
316848
317206
317580
317918
318248
318597
318947
319261
319582
319945
320295
320611
320968
321344
321695
322004
322346
322736
323073
323400
323766
324121
324439
324737
325077
325413
325716
326015
326320
326629
326926
327219
327540
327929
328259
328635
329040
329410
329731
330075
330460
330776
331089
331424
331756
332063
332394
332742
333080
333387
333708
334035
334357
334671
335003
335392
335730
336046
336376
336712
337032
337339
337688
338051
338372
338680
339025
339379
339707
340018
340382
340774
341100
341412
341732
342042
342354
342669
343027
343383
343695
344044
344461
344821
345157
345532
345911
346232
346555
346885
347229
347543
347873
348219
348574
348889
349214
349596
349980
350304
350632
350967
351280
351572
351894
352220
352537
352830
353149
353484
353813
354114
354441
354796
355149
355459
355791
356141
356450
356743
357049
357357
357663
357954
358251
358552
358855
359146
359445
359763
360086
360393
360710
361045
361379
361692
362030
362439
362793
363131
363480
363810
364112
364435
364792
365107
365421
365743
366084
366404
366710
367029
367366
367683
367989
368303
368630
368974
369287
369603
369928
370248
370555
370873
371197
371525
371835
372190
372533
372866
373187
373510
373838
374183
374492
374816
375164
375553
375896
376254
376634
376969
377273
377593
377936
378274
378588
378895
379209
379519
379813
380122
380438
380749
381047
381360
381698
382027
382327
382634
382957
383269
383569
383877
384178
384479
384777
385065
385376
385672
385995
386325
386679
387029
387399
387835
388196
388524
388837
389138
389446
389758
390071
390394
390702
391054
391501
391881
392292
392688
393062
393433
393798
394126
394444
394764
395069
395371
395696
396033
396360
396727
397122
397462
397802
398197
398539
398869
399200
399532
399852
400181
400514
400835
401145
401499
401843
402171
402495
402850
403230
403561
403903
404242
404557
404873
405229
405614
405990
406320
406667
407024
407351
407668
407986
408320
408633
408950
409301
409649
409962
410291
410616
410943
411242
411552
411861
412184
412498
412814
413147
413477
413794
414121
414450
414760
415065
415399
415742
416046
416346
416646
416978
417279
417571
417883
418180
418461
418754
419038
419342
419629
419915
420222
420531
420832
421136
421480
421811
422126
422440
422761
423077
423386
423701
424044
424365
424694
425031
425387
425699
426009
426336
426642
426960
427333
427666
428012
428413
428778
429107
429461
429838
430168
430478
430795
431112
431410
431705
432020
432357
432669
432978
433313
433651
433952
434258
434569
434879
435173
435482
435846
436195
436511
436859
437225
437551
437854
438177
438517
438824
439119
439446
439797
440124
440433
440803
441219
441567
441892
442217
442541
442853
443149
443476
443824
444171
444487
444845
445244
445579
445912
446250
446588
446885
447181
447471
447758
448043
448318
448616
448935
449239
449572
449970
450349
450690
451082
451481
451830
452189
452554
452879
453180
453481
453814
454110
454408
454714
455042
455345
455638
455931
456263
456565
456857
457156
457468
457791
458093
458406
458743
459065
459360
459647
459941
460231
460529
460822
461113
461418
461720
462032
462338
462640
462949
463258
463573
463878
464174
464464
464744
465021
465301
465580
465851
466117
466389
466662
466927
467187
467450
467714
467984
468260
468523
468788
469062
469331
469599
469864
470140
470420
470702
470976
471273
471625
472015
472412
472789
473169
473509
473851
474211
474552
474878
475180
475492
475816
476150
476454
476780
477126
477447
477752
478055
478378
478691
478974
479264
479564
479859
480142
480444
480753
481047
481350
481665
481988
482296
482670
483067
483409
483761
484134
484505
484834
485149
485462
485800
486120
486425
486737
487068
487398
487713
488058
488433
488767
489083
489386
489699
489998
490308
490647
490967
491279
491608
491972
492319
492628
492950
493292
493601
493910
494227
494554
494872
495213
495631
496010
496383
496739
497079
497407
497721
498019
498315
498616
498927
499226
499519
499847
500187
500494
500801
501118
501455
501760
502052
502353
502660
502948
503233
503526
503831
504130
504417
504721
505053
505358
505655
505971
506279
506579
506887
507201
507513
507813
508137
508450
508763
509106
509551
509926
510324
510698
511076
511465
511841
512208
512553
512932
513309
513649
514024
514394
514727
515040
515362
515658
515943
516242
516561
516860
517147
517442
517730
518020
518300
518572
518847
519127
519424
519714
519997
520295
520627
520923
521236
521598
521987
522313
522655
523013
523355
523659
523972
524312
524697
525064
525381
525718
526126
526508
526851
527188
527530
527874
528192
528495
528809
529158
529498
529820
530164
530599
530972
531335
531694
532043
532370
532678
532985
533307
533606
533929
534260
534637
534993
535399
535802
536173
536571
536953
537309
537685
538034
538384
538702
539013
539313
539612
539942
540299
540620
540978
541308
541608
541908
542230
542594
542899
543200
543563
543917
544261
544677
545077
545425
545761
546114
546424
546721
547033
547331
547633
547957
548285
548612
548914
549227
549555
549877
550181
550524
550830
551123
551417
551705
551988
552283
552572
552903
553245
553559
553881
554308
554710
555068
555453
555835
556186
556569
556942
557302
557696
558109
558472
558873
559260
559624
560021
560397
560756
561130
561507
561852
562182
562514
562823
563126
563427
563744
564067
564363
564661
564967
565276
565574
565865
566147
566435
566729
567016
567309
567626
567928
568234
568552
568895
569241
569553
569884
570237
570670
571022
571330
571663
571980
572296
572606
572900
573227
573564
573887
574199
574507
574830
575178
575492
575803
576127
576447
576771
577070
577360
577655
577951
578242
578533
578832
579140
579455
579759
580073
580530
580955
581360
581732
582125
582503
582869
583247
583609
583957
584332
584713
585072
585452
585816
586162
586495
586838
587158
587485
587920
588285
588713
589086
589477
589865
590261
590659
591017
591340
591634
591905
592179
592448
592710
592962
593219
593476
593733
593998
594251
594521
594808
595100
595374
595649
595945
596253
596557
596842
597133
597453
597777
598091
598396
598717
599188
599559
599962
600410
600817
601198
601610
601984
602345
602752
603134
603486
603884
604314
604693
605127
605522
605906
606311
606680
607063
607450
607807
608163
608544
608903
609254
609645
610075
610490
610873
611260
611667
612025
612348
612696
613112
613507
613919
614300
614690
615051
615426
615790
616126
616420
616739
617078
617375
617673
617987
618297
618588
618891
619193
619492
619776
620055
620352
620657
620962
621240
621526
621819
622117
622415
622699
623004
623313
623610
623916
624203
624501
624793
625091
625394
625694
625992
626301
626611
626912
627212
627510
627812
628128
628420
628707
629011
629317
629625
629923
630219
630535
630858
631164
631455
631773
632108
632447
632778
633232
633636
634012
634423
634799
635189
635583
635950
636313
636678
637030
637419
637800
638157
638554
638909
639256
639629
640013
640364
640770
641133
641513
641891
642236
642599
642962
643303
643614
643918
644216
644507
644792
645095
645388
645678
645969
646250
646535
646831
647111
647396
647674
647941
648200
648473
648754
649056
649359
649648
649956
