40
308
587
857
1123
1394
1658
1928
2200
2466
2737
3008
3275
3554
3816
4088
4364
4633
4906
5184
5541
5725
6006
6274
6552
6828
7105
7380
7665
7929
8203
8483
8763
9059
9304
9587
9849
10120
10392
10754
10937
11208
11480
11753
12032
12304
12570
12848
13131
13408
13706
13969
14240
14522
14792
15063
15338
15609
15882
16162
16433
16706
16992
17249
17531
17809
18089
18371
18651
18938
19208
19488
19792
20060
20330
20608
20890
21184
21440
21720
22009
22282
22569
22864
23123
23400
23673
23968
24226
24507
24787
25064
25331
25610
25888
26169
26442
26723
27000
27272
27546
27916
28096
28394
28649
28914
29193
29465
29744
30008
30280
30578
30832
31104
31385
31664
31939
32299
32480
32850
33027
33301
33586
33864
34138
34417
34696
34977
35150
35536
35812
36011
36363
36644
36913
37187
37466
37739
38016
38291
38560
38832
39115
39387
39664
39945
40234
40508
40777
41051
41332
41618
41888
42179
42441
42713
42987
43268
43538
43824
44097
44378
44657
44929
45208
45480
45771
46130
46313
46600
46972
47153
47432
47715
48008
48292
48546
48824
49100
49371
49642
49928
50192
50464
50762
51017
51287
51553
51835
52104
52384
52664
52939
53216
53493
53675
54034
54314
54578
54851
55121
55412
55675
55936
56199
56483
56760
56952
57307
57578
57850
58114
58386
58648
58931
59280
59450
59728
59992
60257
60637
60800
61082
61376
61616
61896
62163
62427
62698
62968
63234
63505
63776
64051
64322
64587
64952
65131
65407
65679
66042
66243
66499
66768
67040
67307
67589
67858
68123
68400
68680
68936
69218
69481
69763
70124
70297
70577
70848
71131
71395
71656
71928
72201
72467
72738
73008
73292
73548
73810
74083
74360
74627
74791
75170
75443
75794
75970
76233
76507
76792
77042
77312
77579
77843
78112
78379
78650
78924
79184
79457
79730
79985
80257
80529
80787
81059
81329
81593
81864
82129
82402
82665
82952
83202
83475
83746
84007
84274
84544
84810
85072
85346
85611
85880
86153
86424
86688
86960
87243
87505
87778
88051
88321
88593
88864
89130
89404
89680
89952
90226
90600
90776
91051
91330
91600
91877
92148
92425
92699
93057
93240
93504
93769
94052
94393
94585
94776
95136
95401
95586
95939
96125
96488
96763
97033
97291
97562
97827
98089
98364
98649
98898
99170
99442
99720
99992
100272
100555
100834
101112
101403
101675
101952
102223
102504
102784
103057
103337
103616
103892
104171
104361
104712
104995
105257
105448
105792
106059
106319
106595
106841
107113
107376
107648
107931
108203
108481
108762
109043
109339
109607
109891
110179
110450
110720
111001
111283
111552
111824
112099
112387
112658
112939
113224
113483
113755
114024
114298
114568
114840
115104
115376
115652
115930
116208
116507
116762
117027
117315
117570
117835
118113
118376
118639
118912
119179
119443
119708
119972
120246
120513
120778
121048
121321
121616
121856
122130
122400
122664
122931
123209
123472
123736
124000
124274
124546
124808
125072
125347
125617
125813
126152
126418
126699
126954
127217
127491
127760
128024
128296
128658
128840
129112
129474
129658
129930
130199
130472
130746
131016
131298
131562
131840
132041
132376
132648
132924
133281
133472
133728
134016
134372
134544
134733
135082
135362
135627
135896
136168
136439
136713
136981
137246
137519
137791
138055
138329
138597
138869
139128
139421
139661
139933
140197
140462
140734
140917
141287
141536
141806
142092
142349
142623
142899
143173
143439
143712
143982
144350
144528
144797
145072
145337
145598
145864
146128
146397
146663
146926
147199
147479
147725
147998
148264
148534
148813
149005
149359
149624
149892
150085
150525
150699
150976
151237
151513
151792
152056
152416
152588
152768
153126
153400
153663
153845
154192
154452
154712
154975
155245
155509
155782
156061
156333
156521
156990
157168
157413
157679
157941
158207
158564
158735
158997
159261
159528
159791
160149
160325
160597
160848
161112
161373
161637
161903
162160
162429
162693
162951
163223
163485
163847
164021
164289
164560
164829
165012
165358
165625
165878
166153
166491
166757
166926
167188
167445
167709
167976
168158
168509
168855
169133
169296
169553
169760
170076
170431
170606
170861
171119
171392
171644
171902
172165
172429
172694
172959
173223
173410
173768
174023
174288
174642
174823
175079
175341
175607
175879
176132
176407
176581
176925
177198
177461
177825
177997
178262
178527
178726
179053
179325
179585
179846
180117
180376
180647
180925
181165
181357
181712
181971
182245
182529
182781
183049
183321
183527
183871
184144
184429
184611
185066
185261
185512
185813
186061
186333
186605
186878
187141
187407
187677
187949
188213
188477
188750
189015
189279
189553
189816
190085
190351
190533
190986
191158
191424
191687
191943
192214
192477
192736
193023
193293
193533
193808
194069
194333
194605
194869
195143
195408
195687
195869
196201
196479
196744
197001
197264
197533
197798
198063
198326
198588
198862
199128
199392
199590
199933
200293
200462
200726
200991
201254
201518
201789
202056
202317
202589
202855
203128
203497
203677
203861
204245
204501
204776
205056
205325
205505
205872
206157
206369
206719
206984
207255
207533
207817
208085
208373
208559
208917
209198
209477
209656
210024
210311
210574
210765
211120
211384
211653
211928
212199
212464
212735
212996
213255
213435
213787
214048
214313
214573
214841
215111
215362
215560
215897
216164
216438
216691
216967
217231
217505
217681
218145
218332
218549
218695
219070
219360
219642
219838
220195
220485
220776
220973
221335
221613
221885
222059
222432
222803
222981
223255
223541
223821
224101
224388
224672
224967
225251
225536
225829
226107
226392
226669
226932
227213
227479
227741
228019
228289
228551
228821
229092
229298
229639
229910
230285
230462
230718
230989
231254
231534
231809
232078
232366
232549
232927
233201
233485
233677
234044
234326
234613
234893
235165
235446
235727
236021
236304
236584
236877
237159
237439
237719
237997
238279
238557
238855
239109
239290
239662
239935
240205
240479
240750
241032
241304
241576
241854
242136
242431
242688
242867
243335
243516
243787
244062
244329
244508
244869
245136
245413
245678
245941
246211
246481
246757
247032
247319
247582
247862
248133
248405
248687
248869
249229
249500
249784
250054
250325
250599
250872
251157
251431
251613
252077
252255
252519
252790
253061
253332
253605
253877
254159
254438
254712
255088
255277
255568
255847
256143
256421
256702
256983
257263
257543
257829
258117
258391
258671
258958
259231
259519
259698
260069
260343
260621
260902
261175
261357
261725
261997
262278
262567
262831
263024
263382
263664
263941
264133
264504
264775
265061
265344
265611
265895
266184
266464
266757
267046
267341
267631
267925
268206
268503
268790
269068
269452
269666
269918
270207
270503
270764
271048
271336
271621
271902
272191
272471
272758
273052
273269
273614
273910
274191
274460
274740
275023
275301
275584
275871
276247
276432
276813
277004
277293
277575
277856
278143
278428
278700
278980
279260
279548
279823
280111
280383
280662
280940
281240
281492
281772
282047
282208
282599
282863
283150
283407
283684
283948
284222
284492
284767
285133
285316
285589
285870
286150
286438
286709
286987
287162
287541
287815
288096
288372
288653
288924
289302
289495
289768
290052
290343
290620
290904
291188
291468
291743
292028
292399
292588
292869
293149
293439
293814
294007
294287
294572
294860
295140
295420
295708
295989
296263
296540
296822
297101
297382
297663
298030
298220
298500
298779
298959
299300
299588
299780
300151
300428
300708
300982
301261
301564
301821
302111
302298
302672
302959
303238
303516
303796
304100
304357
304646
304918
305196
305476
305764
306040
306328
306615
306893
307182
307468
307772
308036
308319
308603
308887
309183
309437
309716
309999
310285
310652
310829
311103
311375
311652
311924
312203
312476
312747
313021
313295
313566
313831
314101
314380
314647
315009
315200
315468
315735
316014
316292
316572
316876
317126
317414
317687
317964
318238
318516
318804
319078
319358
319644
319923
320204
320484
320860
321046
321326
321606
321892
322166
322444
322718
322995
323281
323564
323823
324100
324372
324668
324928
325206
325479
325749
326029
326308
326670
326852
327124
327405
327678
327952
328235
328512
328812
329069
329350
329721
329912
330184
330468
330747
331023
331303
331582
331882
332140
332421
332710
332989
333267
333540
333821
334100
334371
334655
334924
335196
335468
335748
336016
336303
336573
336860
337143
337438
337708
337988
338284
338560
338830
339116
339396
339667
339941
340221
340501
340774
341054
341332
341607
341788
342149
342520
342703
342972
343244
343516
343782
343964
344310
344583
344855
345119
345380
345655
345948
346192
346460
346732
347012
347283
347580
347835
348108
348371
348646
348927
349199
349495
349748
350030
350308
350581
350855
351132
351405
351675
351943
352223
352497
352678
353019
353288
353559
353824
354095
354366
354637
354911
355174
355443
355716
355994
356248
356527
356799
357054
357328
357520
357865
358139
358409
358685
358961
359224
359495
359772
360048
360281
360808
361117
361374
361652
361916
362190
362462
362732
363036
363283
363549
363823
364094
364384
364638
364999
365182
365448
365709
365983
366248
366517
366790
367064
367340
367608
367877
368150
368422
368695
368966
369230
369509
369780
370038
370312
370581
370860
371126
371391
371672
372049
372212
372486
372756
373030
373300
373576
373876
374116
374304
374655
374924
375195
375468
375729
376006
376278
376543
376816
377092
377366
377558
377904
378183
378448
378708
378983
379247
379518
379790
380060
380342
380612
380872
381141
381322
381687
381956
382221
382503
382756
383022
383293
383560
383821
384104
384364
384660
384916
385100
385460
385733
386004
386279
386547
386816
387092
387355
387620
387883
388153
388430
388700
388876
389244
389516
389781
390052
390317
390588
390854
391119
391481
391661
391934
392198
392468
392668
393013
393284
393559
393833
394124
394365
394637
394925
395182
395453
395732
396005
396279
396549
396815
397094
397358
397628
397916
398180
398452
398631
399012
399263
399532
399799
400068
400332
400600
400861
401132
401397
401660
401924
402196
402468
402734
402996
403260
403621
403807
404078
404356
404630
404903
405074
405455
405734
405996
406270
406548
406828
407097
407287
407640
407914
408192
408476
408725
408996
409263
409524
409794
409995
410332
410600
410877
411147
411441
411688
411956
412145
412506
412769
413045
413314
413578
413865
414112
414409
414652
414921
415205
415468
415737
416011
416280
416564
416834
417105
417385
417668
417921
418193
418468
418748
419012
419283
419552
419732
420086
420361
420625
420901
421178
421434
421708
421977
422234
422503
422770
423137
423305
423576
423849
424117
424381
424659
424920
425121
425467
425729
425997
426265
426522
426796
427058
427329
427601
427875
428155
428457
428692
428971
429242
429532
429802
429988
430473
430626
430892
431172
431435
431803
431976
432252
432520
432793
433067
433340
433604
433796
434149
434416
434713
434971
435225
435493
435765
436052
436297
436571
436841
437034
437377
437657
437913
438184
438459
438716
438993
439260
439523
439794
440084
440331
440602
440868
441138
441409
441675
441949
442203
442473
442745
443009
443275
443539
443804
444067
444339
444594
444865
445129
445395
445675
445941
446203
446466
446731
447000
447265
447524
447804
448059
448315
448584
448938
449113
449380
449649
449917
450185
450451
450713
450974
451243
451505
451762
452035
452289
452554
452833
453073
453420
453603
453867
454054
454405
454666
454930
455209
455452
455721
455978
456241
456505
456769
457024
457289
457548
457739
458084
458348
458613
458917
459137
459401
459669
459929
460193
460451
460731
460905
461266
461523
461780
462052
462313
462577
462848
463023
463375
463641
463900
464165
464428
464693
464956
465307
465475
465648
466000
466266
466532
466796
467058
467328
467596
467857
468125
468388
468650
468917
469168
469436
469698
469956
470224
470493
470756
471025
471289
471560
471829
472090
472353
472537
472885
473153
473412
473688
473945
474209
474481
474741
475009
475285
475545
475811
476091
476355
476616
476884
477153
477425
477692
477965
478237
478419
478763
479033
479297
479573
479836
480096
480377
480642
480905
481173
481443
481716
481985
482164
482517
482788
483049
483321
483585
483859
484129
484397
484676
484937
485204
485469
485745
485924
486284
486545
486816
487085
487347
487645
487740
490295
490553
490820
491077
491341
491600
491873
492128
492397
492665
492927
493205
493473
493733
494006
494273
494447
494810
495073
495345
495606
495866
496137
496396
496666
496937
497200
497471
497657
498009
498273
498538
498801
499084
499331
499593
499857
500120
500385
500680
503317
503587
503865
504130
504401
504668
504936
505209
505481
-1
506063
506291
506569
506820
507092
507357
507697
507889
508153
508417
508681
508940
509201
509460
509724
509992
510258
510532
510826
511082
511357
511546
511897
512196
512438
512708
512980
513241
513507
513769
514132
514313
514577
514852
515117
515385
515653
515921
516186
516461
516732
516908
517261
517531
517800
518064
518340
518619
518874
519148
519419
519691
519954
520217
520481
520744
521001
521281
521528
521781
522069
522217
522571
522827
523097
523345
523617
523873
524123
524394
524635
524900
525162
525418
525665
525923
526180
526443
526698
526963
527229
527488
527756
527948
528281
528545
528801
529058
529320
529576
529833
530096
530356
530612
530872
531134
531401
531661
531925
532192
532457
532721
532984
533247
533510
533773
534033
534287
534557
534817
535075
535333
535595
535859
536116
536377
536645
536912
537161
537427
537692
537969
538208
538465
538724
538983
539241
539504
539761
540024
540293
540577
540832
541106
541380
541652
541918
542108
542469
542712
542971
543236
543505
543760
544022
544283
544556
544813
545076
545343
545609
545870
546137
546401
546673
546930
547190
547463
547728
547985
548245
548511
548776
549041
549304
549580
549844
550107
550372
550559
550898
551165
551424
551696
551968
552224
552494
552665
553046
553324
553589
553868
554156
554405
554681
554948
555228
555479
555740
556008
556272
556526
556793
557059
557314
557576
557839
558105
558360
558560
558716
559064
559324
559593
559852
560103
560369
560629
560883
561147
561412
561675
561945
562212
562487
562750
563013
563279
563544
563802
563984
564328
564590
564863
565123
565384
565646
565907
566169
566433
566637
567087
567220
567467
567730
567988
568261
568514
568775
569045
569319
569576
569848
570114
570380
570654
570928
571193
571459
571744
571988
572247
572516
572777
573037
573301
573571
573826
574116
574352
574542
574902
575144
575406
575671
575932
576190
576450
576705
576971
577234
577483
577752
578015
578268
578534
578798
579061
579327
579593
579885
580135
580405
580661
580928
581207
581471
581704
581972
582232
582485
582756
583017
583276
583541
583713
584068
584331
584582
584840
585098
585351
585615
585868
586120
586384
586642
586899
587172
587415
587675
587948
588252
588462
588732
588979
589263
589495
589748
590014
590260
590516
590773
591025
591276
591532
591780
592032
592288
592535
592793
593048
593299
593547
593806
594056
594343
594563
594816
595078
595332
595586
595845
596099
596363
596619
596878
597140
597412
597660
597919
598176
598437
598700
598954
599209
599476
599729
599982
600241
600491
600759
601010
601264
601536
601784
602035
602291
602547
602800
603054
603305
603560
603819
604161
604327
604589
604841
605109
605372
605626
605895
606161
606408
606668
606931
607193
607447
607695
607962
608215
608463
608724
608979
609247
609500
609752
610016
610279
610538
610798
611056
611324
611586
611842
612104
612367
612627
612887
613148
613403
613666
613923
614183
614445
614710
614962
615216
615472
615733
615988
616244
616512
616764
617020
617281
617534
617785
618048
618302
618559
618818
619074
619321
619577
619849
620099
620356
620609
620872
621127
621379
621640
621908
622146
622408
622676
622922
623188
623456
623714
623977
624239
624524
624770
624954
625290
625551
625805
626067
626322
626584
626845
627104
627368
627632
627892
628157
628412
628676
628940
629193
629468
629727
629972
630227
630486
630741
631006
631268
631523
631793
632053
632310
632566
632825
633077
633332
633589
633851
634111
634368
634629
634893
635147
635419
635673
635940
636213
636476
636733
636995
637259
637523
637780
638039
638302
638556
638817
639068
639323
639587
639856
640107
640378
640640
640894
641158
641417
641677
641936
642196
642466
642730
642982
643247
643508
643768
644036
644292
644557
644821
645097
645331
645587
645845
646109
646358
646614
646875
647135
647399
647643
647907
648171
648424
648687
648952
649210
649461
649720
649977
