36
264
587
876
1127
1354
1666
1922
2207
2483
2702
2967
3242
3541
3818
4050
4371
4597
4871
5187
5452
5691
5996
6268
6517
6832
7119
7346
7620
7893
8213
8442
8767
8995
9268
9583
9857
10085
10356
10627
10902
11168
11444
11754
12032
12268
12536
12811
13098
13372
13651
13930
14207
14482
14757
15031
15304
15611
15849
16163
16400
16707
16908
16979
17213
17497
17770
18097
18336
18617
18898
19176
19452
19734
20010
20342
20572
20846
21121
21400
21684
21966
22249
22574
22805
23082
23365
23680
23969
24190
24466
24774
25025
25290
25575
25843
26131
26455
26682
27007
27238
27511
27822
28099
28339
28663
28879
29159
29429
29697
30000
30237
30562
30789
31068
31350
31665
31894
32172
32445
32759
32989
33265
33550
33829
34103
34380
34703
34943
35119
35499
35778
35995
36327
36602
36869
37155
37468
37743
37979
38247
38560
38798
39075
39387
39629
39950
40182
40505
40744
41017
41296
41573
41851
42128
42461
42678
42952
43227
43504
43787
44062
44334
44622
44924
45200
45443
45724
46004
46279
46562
46880
47120
47434
47673
47997
48237
48511
48787
49064
49331
49609
49882
50156
50427
50700
51023
51299
51518
51800
52068
52346
52628
52934
53222
53496
53632
54000
54313
54587
54815
55116
55357
55633
55946
56171
56485
56724
56917
57305
57543
57814
58078
58346
58613
58879
59186
59464
59680
59996
60222
60496
60763
61038
61314
61579
61890
62167
62393
62663
62960
63198
63466
63740
64074
64282
64554
64822
65096
65410
65685
65917
66192
66465
66730
67003
67271
67544
67812
68124
68365
68628
68901
69177
69490
69721
69995
70264
70538
70861
71077
71392
71650
71919
72207
72470
72703
72973
73286
73512
73776
74041
74366
74583
74761
75170
75402
75665
75936
76227
76472
76779
77031
77274
77545
77848
78075
78341
78613
78881
79146
79421
79687
79950
80224
80515
80754
81017
81331
81595
81870
82123
82351
82628
82893
83216
83433
83744
84286
84548
84825
85030
85306
85573
85844
86117
86387
86650
86961
87191
87468
87779
88010
88285
88559
88824
89136
89366
89674
89916
90227
90507
90742
91045
91287
91561
91889
92151
92388
92702
92931
93205
93470
93735
94009
94274
94578
94741
95127
95366
95539
95957
96097
96497
96722
97036
97257
97564
97816
98055
98324
98592
98910
99137
99402
99713
100003
100264
100519
100798
101107
101360
101683
102187
102464
102751
103063
103340
103617
103904
104135
104316
104676
104957
105223
105394
105801
106027
106329
106584
106807
107076
107341
107652
107928
108167
108444
108768
109007
109333
109608
109850
110137
110450
110713
110999
111233
111551
111829
112105
112344
112622
112896
113210
113486
113761
114313
114569
114807
115069
115336
115617
115895
116166
116442
116718
117028
117267
117572
117799
118075
118340
118650
118877
119180
119454
119673
119989
120209
120478
120742
121014
121281
121553
121856
122085
122407
122670
122894
123167
123437
123741
123967
124232
124556
124771
125036
125313
125583
125770
126116
126384
126657
126919
127185
127497
127775
127987
128260
128566
128804
129076
129345
129659
129896
130211
130439
130707
130980
131303
131568
131806
132011
132371
132671
132912
133153
133426
133730
133968
134282
134511
134685
135086
135372
135590
135862
136133
136406
136670
136946
137248
137476
137785
138062
138326
138558
138877
139094
139396
139671
139897
140162
140427
140700
140884
141270
141501
141809
142096
142349
142624
142913
143138
143403
143705
143996
144259
144494
144761
145086
145338
145562
145830
146094
146397
146624
146889
147162
147429
147692
147965
148269
148498
148820
148970
149360
149636
149860
150051
150428
150664
150934
151199
151511
151750
152016
152289
152553
152735
153130
153358
153657
153812
154186
154418
154679
154941
155210
155472
155747
156082
156297
156492
156839
157106
157379
157645
157909
158173
158438
158701
158962
159224
159494
159747
160010
160288
160552
160812
161077
161378
161643
161871
162123
162392
162699
162915
163241
163478
163770
163983
164253
164524
164835
164984
165353
165583
165872
166110
166396
166624
166891
167154
167408
167673
167984
168122
168499
168764
169039
169289
169519
169727
170084
170301
170599
170853
171128
171350
171644
171866
172172
172422
172688
172975
173216
173418
173757
174033
174252
174512
174824
175043
175341
175570
175835
176099
176366
176583
176929
177165
177426
177733
177961
178274
178490
178692
179017
179318
179579
179810
180132
180340
180636
180865
181131
181324
181719
181981
182209
182477
182786
183014
183315
183474
183866
184145
184391
184583
184983
185236
185477
185788
186076
186330
186569
186871
187147
187372
187638
187915
188178
188441
188709
188981
189246
189511
189776
190042
190315
190499
190904
191122
191421
191647
191963
192178
192440
192693
192971
193236
193497
193768
194075
194339
194568
194833
195143
195372
195674
195835
196211
196438
196704
196967
197228
197497
197761
198062
198327
198553
198866
199130
199357
199546
199898
200160
200427
200691
200991
201255
201482
201794
202013
202284
202554
202817
203091
203405
203668
203825
204234
204462
204739
205050
205324
205508
205878
206119
206336
206717
206947
207259
207539
207774
208087
208326
208513
208916
209163
209482
209625
209987
210306
210539
210732
211125
211400
211618
211892
212161
212423
212701
212963
213222
213407
213752
214015
214280
214572
214808
215073
215330
215514
215893
216127
216393
216658
216923
217236
217467
217649
218016
218549
218690
219036
219371
219636
219831
220162
220449
220738
220958
221329
221580
221850
222030
222398
222673
222990
223216
223504
223786
224067
224391
224639
224931
225218
225501
225794
226120
226349
226624
226900
227177
227441
227707
227985
228257
228518
228788
229059
229254
229640
229879
230152
230468
230685
230958
231222
231499
231776
232100
232388
232556
232929
233168
233451
233673
234008
234295
234576
234885
235129
235413
235692
236014
236264
236544
236842
237126
237405
237720
237961
238245
238560
238799
239077
239260
239664
239953
240170
240446
240716
241033
241272
241539
241813
242097
242376
242690
242839
243207
243483
243747
244070
244296
244479
244873
245103
245377
245644
245956
246176
246447
246720
247036
247314
247600
247865
248098
248372
248646
248831
249233
249465
249749
250063
250288
250605
250878
251169
251394
251580
251999
252221
252484
252753
253026
253293
253569
253841
254121
254402
254676
254960
255240
255574
255813
256093
256427
256668
256988
257267
257508
257794
258071
258355
258635
258913
259234
259473
259652
260030
260307
260582
260867
261142
261322
261733
261963
262287
262561
262837
262981
263391
263630
263905
264095
264506
264741
265024
265301
265576
265901
266141
266428
266764
267054
267305
267595
267930
268171
268460
268793
269034
269359
269659
269912
270211
270449
270729
271013
271339
271583
271867
272192
272479
272779
273045
273262
273620
273870
274149
274426
274703
275026
275266
275590
275835
276118
276397
276721
276968
277258
277539
277814
278109
278390
278664
278941
279227
279507
279789
280069
280347
280624
280904
281175
281454
281738
282003
282179
282557
282831
283104
283372
283639
283915
284189
284454
284731
285007
285283
285556
285834
286117
286392
286673
286952
287133
287551
287783
288054
288334
288613
288890
289174
289454
289733
290013
290300
290584
290862
291151
291431
291708
291993
292270
292551
292835
293115
293404
293687
293999
294251
294536
294825
295104
295382
295669
295955
296230
296505
296783
297064
297340
297619
297902
298184
298502
298743
298923
299307
299553
299743
300114
300395
300674
300948
301227
301509
301841
302104
302269
302632
302918
303197
303482
303798
304038
304324
304605
304881
305159
305442
305729
306055
306293
306581
306859
307147
307436
307718
308001
308286
308569
308853
309128
309404
309681
309965
310238
310509
310796
311068
311340
311618
311891
312169
312441
312713
312985
313260
313529
313797
314067
314345
314614
314878
315158
315471
315700
316008
316252
316538
316814
317090
317374
317653
317930
318231
318482
318768
319044
319323
319609
319924
320166
320444
320727
321013
321292
321570
321856
322133
322446
322684
322961
323240
323511
323788
324103
324335
324616
324889
325164
325444
325715
325995
326272
326543
326816
327089
327365
327643
327911
328200
328477
328751
329076
329309
329591
329868
330144
330432
330709
330986
331269
331548
331832
332103
332388
332672
332954
333232
333507
333785
334067
334384
334612
334888
335163
335436
335710
335984
336305
336535
336825
337108
337383
337722
337952
338238
338516
338796
339080
339363
339631
339908
340185
340468
340736
341018
341297
341574
341751
342115
342428
342670
342937
343206
343521
343750
343931
344276
344544
344816
345081
345346
345615
345888
346156
346427
346692
346977
347248
347519
347801
348073
348337
348611
348888
349164
349441
349714
349995
350308
350546
350857
351093
351371
351640
351908
352189
352455
352636
353021
353255
353525
353792
354058
354333
354653
354872
355140
355411
355683
355953
356217
356491
356757
357020
357294
357478
357832
358107
358376
358651
358924
359190
359462
359730
360000
360271
360537
360811
361076
361342
361617
361884
362156
362430
362698
362973
363250
363518
363789
364059
364379
364605
364871
365148
365413
365675
365987
366211
366482
366756
367023
367302
367574
367841
368115
368387
368661
368928
369195
369472
369745
370005
370279
370548
370823
371092
371357
371691
371909
372175
372450
372723
372996
373266
373535
373816
374082
374260
374621
374886
375162
375429
375694
375970
376243
376509
376782
377056
377514
377912
378149
378415
378677
378946
379269
379484
379757
380023
380292
380567
380839
381106
381294
381695
381921
382223
382496
382724
382990
383257
383519
383785
384061
384327
384599
384878
385064
385424
385697
385971
386246
386513
386783
387057
387323
387588
387851
388120
388393
388662
388843
389209
389481
389776
390017
390280
390554
390821
391085
391360
391628
391891
392164
392432
392621
393019
393248
393525
393798
394063
394329
394602
394878
395145
395419
395696
395997
396237
396509
396779
397058
397323
397594
397871
398196
398413
398601
399000
399229
399497
399764
400033
400300
400621
400826
401093
401363
401664
401884
402161
402431
402692
402962
403227
403502
403771
404044
404321
404595
404860
405045
405414
405690
405964
406232
406513
406843
407059
407244
407598
407878
408150
408416
408690
408959
409225
409485
409760
409942
410334
410566
410845
411113
411380
411656
411959
412106
412509
412735
413010
413280
413543
413807
414081
414348
414616
414888
415164
415435
415702
415979
416247
416523
416800
417070
417398
417618
417886
418157
418429
418698
418971
419243
419519
419700
420051
420327
420592
420866
421132
421401
421675
421940
422202
422471
422777
423005
423271
423536
423811
424082
424347
424621
424888
425071
425467
425694
425996
426225
426488
426755
427022
427293
427564
427834
428113
428386
428657
428939
429208
429489
429766
429945
430355
430591
430895
431121
431400
431675
431943
432253
432482
432757
433067
433297
433597
433752
434114
434383
434661
434930
435191
435506
435726
435998
436262
436530
436849
436992
437342
437613
437877
438148
438420
438684
438954
439225
439490
439758
440021
440333
440568
440835
441103
441375
441641
441908
442169
442436
442711
442973
443236
443506
443827
444080
444298
444562
444833
445096
445361
445636
445905
446168
446432
446698
446964
447230
447490
447763
448025
448282
448551
448812
449076
449347
449613
449880
450191
450409
450673
450940
451202
451468
451727
451993
452255
452517
452781
453039
453300
453567
453833
454009
454406
454633
454896
455155
455419
455684
455970
456206
456471
456731
456989
457252
457515
457696
458044
458307
458576
458838
459103
459366
459629
459896
460158
460417
460690
460872
461250
461483
461746
462013
462272
462540
462813
462995
463339
463605
463867
464131
464395
464653
464921
465179
465442
465619
465968
466233
466499
466762
467024
467293
467564
467823
468084
468348
468614
468875
469134
469403
469660
469922
470189
470451
470751
470990
471255
471528
471794
472058
472321
472496
472846
473118
473379
473644
473909
474176
474446
474705
474975
475246
475512
475777
476052
476322
476583
476850
477120
477392
477657
477923
478197
478375
478726
478997
479262
479530
479796
480063
480341
480609
480870
481139
481410
481682
481949
482134
482484
482806
483014
483285
483551
483825
484092
484356
484638
484904
485208
485436
485707
485893
486292
486512
486783
487049
487311
487579
487842
488114
488378
488909
489178
489437
489708
489976
490248
490512
490775
491044
491308
491569
491837
492097
492364
492630
492896
493171
493437
493700
493972
494238
494455
494773
495041
495310
495573
495834
496103
496363
496629
496904
497168
497435
497620
497997
498238
498506
498765
499038
499297
499560
499858
500088
500349
500650
500876
501143
501407
501731
501954
502217
502525
502752
503018
503289
503557
503828
504097
504366
504636
504906
505227
505441
505715
505981
506257
506524
506789
507051
507323
507589
507856
508120
508381
508647
508908
509166
509427
509690
509993
510223
510497
510773
511048
511314
511503
511903
512141
512405
512668
512936
513248
513473
513735
514004
514277
514541
514811
515120
515350
515615
515886
516151
516427
516692
516865
517226
517498
517764
518029
518299
518568
518839
519111
519384
519650
519920
520225
520445
520713
520967
521220
521520
521748
522003
522184
522525
522793
523054
523311
523583
523839
524090
524347
524602
524859
525116
525372
525632
525889
526148
526444
526664
526929
527196
527455
527722
527917
528249
528510
528768
529024
529287
529543
529799
530063
530325
530579
530840
531101
531367
531629
531892
532159
532423
532687
532951
533210
533470
533740
533999
534253
534522
534783
535041
535301
535560
535825
536085
536344
536613
536869
537129
537394
537653
537915
538177
538432
538692
538951
539210
539508
539726
539991
540261
540526
540795
541071
541347
541614
541883
542079
542422
542680
542936
543205
543468
543727
543988
544253
544519
544780
545045
545312
545577
545836
546102
546365
546636
546900
547157
547430
547686
547952
548214
548478
548742
549008
549271
549547
549810
550067
550336
550524
550866
551132
551392
551662
551929
552191
552463
552638
553009
553284
553556
553836
554105
554371
554643
554911
555184
555446
555707
555974
556239
556492
556757
557018
557282
557544
557806
558070
558327
558518
558659
559030
559292
559559
559815
560071
560338
560597
560851
561114
561378
561641
561912
562179
562449
562717
562982
563246
563506
563766
563957
564294
564557
564826
565088
565350
565613
565875
566134
566397
566598
566921
567184
567436
567696
567956
568220
568483
568743
569011
569279
569543
569813
570081
570348
570622
570887
571159
571425
571689
571953
572214
572480
572745
573002
573267
573535
573796
574056
574319
574499
574848
575111
575370
575636
575900
576156
576413
576673
576938
577193
577449
577719
577981
578235
578501
578765
579028
579292
579557
579834
580102
580362
580683
580936
581161
581417
581673
581992
582198
582453
582719
582979
583241
583509
583687
584036
584298
584552
584808
585032
585114
585318
585582
585833
586087
586352
586612
586864
587123
587383
587643
587951
588198
588421
588685
588934
589196
589490
589752
590015
590221
590481
590741
591034
591242
591496
591745
592000
592257
592504
592761
593012
593264
593516
593768
594060
594283
594531
594783
595046
595300
595552
595812
596067
596326
596589
596845
597107
597364
597627
597886
598141
598405
598662
598922
599175
599441
599695
599996
600205
600451
600716
600978
601232
601496
601751
602002
602259
602511
602765
603020
603272
603525
603787
604041
604293
604545
604807
605075
605337
605594
605860
606119
606363
606629
606896
607157
607410
607664
607928
608183
608433
608690
608947
609202
609464
609720
609983
610247
610500
610765
611024
611289
611556
611810
612068
612335
612591
612853
613112
613369
613633
613890
614148
614413
614674
614926
615183
615441
615700
615954
616211
616469
616731
616985
617247
617502
617753
618015
618268
618523
618783
619040
619289
619543
619799
620066
620321
620576
620837
621094
621346
621605
621856
622113
622375
622632
622890
623156
623421
623679
623995
624205
624473
624731
624945
625257
625517
625774
626034
626289
626550
626813
627071
627335
627600
627860
628119
628380
628641
628905
629159
629417
629680
629938
630192
630453
630709
630971
631232
631490
631761
632019
632271
632534
632790
633046
633299
633556
633816
634078
634336
634596
634855
635113
635384
635640
635954
636176
636442
636700
636962
637228
637490
637746
638006
638269
638523
638777
639034
639291
639554
639818
640073
640344
640607
640861
641125
641380
641644
641903
642162
642433
642692
642948
643215
643472
643734
643998
644259
644523
644787
645043
645297
645555
645810
646076
646326
646580
646842
647100
647355
647610
647865
648129
648393
648649
648919
649178
649430
649688
649944
