197
459
708
965
1222
1479
1741
2015
2287
2550
2803
3052
3303
3563
3835
4102
4371
4635
4901
5154
5407
5561
5923
6195
6468
6736
6996
7246
7506
7767
7922
8290
8564
8829
9093
9350
9600
9845
10105
10380
10645
10908
11168
11424
11676
11931
12187
12449
12625
12987
13252
13507
13755
14006
14253
14517
14786
15053
15311
15575
15834
16084
16335
16590
16854
17128
17398
17660
17916
18168
18426
18682
18946
19213
19483
19747
20008
20262
20515
20764
21031
21202
21576
21838
22100
22351
22604
22860
23114
23376
23641
23916
24180
24429
24677
24842
25191
25462
25732
25997
26254
26516
26771
27020
27273
27529
27795
28066
28335
28590
28835
29089
29349
29605
29869
30137
30401
30917
31416
31669
31934
32207
32476
32735
32986
33234
33490
33749
34010
34274
34542
34818
35076
35322
35571
35830
36093
36366
36633
36793
37151
37413
37666
37915
38166
38430
38692
38959
39225
39477
39720
39975
40231
40489
40745
41009
41272
41527
41781
42027
42274
42524
42793
43058
43322
43573
43819
44061
44313
44567
44816
45075
45339
45608
45763
46102
46347
46594
46844
47107
47371
47635
47888
48140
48393
48643
48889
49144
49410
49678
49943
50198
50448
50692
50949
51207
51472
51736
52001
52257
52512
52769
53020
53271
53537
53815
54078
54333
54588
54837
55091
55349
55607
55873
56140
56413
56667
56918
57165
57314
57666
57941
58210
58473
58730
58985
59239
59493
59742
60003
60270
60543
60808
61062
61311
61559
61819
62081
62349
62609
62876
63129
63382
63635
63886
64135
64400
64674
64937
65187
65437
65686
65933
66189
66444
66706
66867
67228
67487
67736
67978
68225
68475
68740
69009
69269
69522
69772
70027
70273
70523
70780
71046
71311
71579
71831
72079
72326
72485
72846
73117
73378
73643
73903
74159
74299
74659
74917
75183
75459
75727
75983
76232
76484
76736
76996
77257
77526
77787
78055
78312
78561
78807
79062
79316
79584
79856
80120
80369
80624
80882
81130
81379
81641
81906
82171
82437
82690
82934
83182
83444
83703
83970
84231
84493
84746
85003
85257
85506
85760
86031
86305
86570
86821
87072
87318
87572
87832
88094
88365
88901
89157
89408
89656
89912
90172
90444
90715
90981
91233
91486
91746
92000
92254
92522
92791
93060
93330
93583
93829
94084
94354
94619
94885
95424
95681
95936
96189
96445
96707
96985
97256
97522
97777
98030
98278
98809
99077
99343
99617
99881
100135
100383
100635
100894
101165
101440
101700
101958
102114
102720
102973
103234
103501
103763
104025
104278
104528
104771
105027
105293
105559
105817
106081
106842
107090
107344
107603
107876
108026
108394
108646
108896
109140
109396
109661
109926
110187
110453
110715
110963
111456
111711
111976
112247
112762
113014
113270
113518
113773
114034
114304
114567
114833
115088
115337
115582
115838
116104
116375
116638
116900
117157
117412
117667
117917
118173
118343
118714
118982
119238
119486
119988
120243
120508
120776
121034
121301
121560
121812
122056
122311
122568
122838
123377
123628
123879
124392
124644
124911
125182
125449
125715
125969
126111
126467
126734
127000
127270
127536
127798
128052
128309
128565
128820
129080
129351
129626
129891
130143
130392
130645
130900
131161
131425
131691
131954
132219
132469
132718
132964
133223
133485
133758
134026
134289
134536
134789
135047
135304
135559
135828
136095
136365
136626
136878
137126
137379
137650
137917
138184
138448
138713
138962
139219
139474
139730
139994
140273
140545
140808
141061
141309
141559
141823
142093
142360
142624
142894
143156
143409
143657
143912
144176
144449
144722
144986
145245
145496
145753
146008
146267
146531
146801
146948
147327
147583
147834
148082
148342
148613
148885
149143
149402
149654
149905
150161
150414
150672
150937
151213
151473
151724
151972
152224
152474
152734
153001
153268
153530
153796
154053
154305
154556
154816
155079
155354
155628
155886
156137
156390
156647
156804
157166
157432
157698
157964
158223
158719
158968
159231
159497
159765
160028
160283
160531
160782
161035
161288
161547
161815
162090
162350
162595
162842
163094
163347
163608
163759
164142
164406
164669
164923
165172
165421
165681
165846
166216
166493
166752
166999
167254
167512
167769
168028
168297
168562
168827
169088
169335
169586
169843
170115
170382
170650
170916
171176
171428
171683
171937
172198
172461
172732
173000
173262
173510
173758
173932
174273
174543
174806
175072
175329
175591
175839
176088
176337
176601
176871
177138
177402
177659
177902
178156
178413
178670
178925
179192
179453
179713
179972
180217
180463
180721
180995
181259
181522
181784
182039
182289
182544
182799
183060
183323
183598
183866
184124
184373
184621
184872
185138
185410
185677
185942
186205
186465
186718
186967
187223
187490
187762
188031
188289
188543
188790
189047
189300
189560
189821
190092
190356
190613
190867
191117
191365
191627
191901
192170
192430
192692
192943
193196
193453
193711
193976
194244
194520
194784
195037
195287
195542
195798
196069
196339
196607
196870
197136
197392
197646
197901
198164
198328
198974
199229
199477
199731
199987
200243
200503
200765
201291
201545
201790
202040
202295
202561
202829
203096
203354
203609
203858
204110
204367
204629
204889
205158
205431
205691
205935
206183
206436
206697
206967
207237
207501
207765
208030
208281
208530
208788
209058
209328
209602
209868
210373
210634
210892
211157
211424
211691
212213
212473
212720
212971
213236
213513
213784
214048
214309
214564
214821
215081
215338
215605
215876
216154
216417
216672
216922
217179
217436
217704
217978
218247
218507
218766
219023
219277
219529
219792
220061
220334
220607
220867
221115
221371
221634
221897
222161
222431
222700
222962
223225
223476
223730
223990
224268
224537
224806
225578
225838
226096
226362
226629
226905
227426
227678
227932
228455
228729
228998
229260
229523
229780
230035
230288
230548
230817
231091
231261
231623
231878
232128
232390
232656
232920
233189
233461
233724
233984
234237
234491
234747
235025
235299
235568
235831
236091
236343
236599
236862
237132
237399
237945
238086
238446
238699
238952
239215
239493
239760
240018
240279
240789
241036
241292
241560
241828
241980
242352
242609
242856
243108
243366
243631
243894
244157
244417
244673
244925
245172
245422
245684
246225
246484
246739
246994
247245
247498
247754
248018
248282
248556
249067
249312
249564
249816
250084
250360
250625
250883
251139
251398
251649
251896
252158
252424
252697
252969
253225
253475
253729
253992
254253
254424
254793
255064
255326
255588
255840
256094
256354
256630
256905
257179
257444
257700
257955
258217
258482
258752
259022
259299
259572
259831
260083
260338
260599
260873
261155
261430
261697
261961
262226
262486
262738
263006
263281
263557
263832
264093
264344
264601
264869
265132
265400
265673
265944
266208
266471
266725
266979
267244
267526
267796
268066
268328
268584
268838
269099
269362
269524
269898
270176
270439
270698
270947
271199
271456
271728
272001
272267
272528
272789
273048
273304
273558
273821
274092
274369
274638
275145
275397
275661
275922
276186
276453
276721
276980
277232
277485
277995
278270
278543
278813
279072
279327
279576
279832
280099
280363
280624
280895
281166
281419
281662
281913
282166
282430
282703
282967
283230
283487
283746
283993
284243
284500
284766
285030
285297
285556
285807
286053
286306
286561
286826
287088
287351
287611
287869
288122
288368
288619
288874
289146
289415
289678
289928
290180
290428
290682
290943
291208
291470
291741
292008
292262
292505
292755
293010
293273
293546
293811
294069
294324
294583
294830
295079
295337
295603
295865
296132
296391
296540
296884
297141
297399
297662
297923
298184
298441
298698
298951
299197
299445
299704
299977
300242
300504
300755
301006
301255
301511
301767
302032
302295
302560
302821
303073
303314
303561
303812
304076
304344
304606
304863
305365
305610
305855
306104
306367
306626
306887
307144
307391
307875
308132
308391
308647
308905
309165
309415
309664
309909
310151
310400
310667
310931
311191
311441
311582
311927
312177
312430
312680
312936
313195
313458
313943
314180
314406
314659
314911
315665
315907
316146
316385
316625
316868
317120
317375
317634
317891
318134
318375
318616
318869
319121
319376
319630
319891
320143
320388
320633
320880
321125
321384
321652
321913
322162
322411
322658
322904
323154
323406
323668
323929
324194
324453
324945
325196
325444
325708
325981
326241
326496
326751
327009
327257
327509
327766
328035
328303
328571
328829
329079
329330
329589
329852
330120
330387
330652
330912
331169
331422
331673
331928
332194
332470
332740
332998
333249
333501
333757
334013
334274
334542
334807
335079
335338
335588
335836
336092
336350
336621
336895
337162
337417
337675
337931
338184
338437
338703
338969
339240
339510
339763
340009
340266
340530
340793
341059
341331
341594
341855
342114
342363
342617
342879
343155
343419
343688
343947
344201
344454
344715
344979
345246
345516
345792
346059
346319
346568
346825
347086
347363
347638
347911
348173
348437
348698
348956
349211
349477
349749
350019
350286
350542
350792
351048
351315
351583
352119
352387
352649
352911
353166
353423
353688
353970
354237
354501
354763
355019
355277
355543
355812
356084
356359
356644
356908
357167
357423
357684
357951
358226
358494
358763
359537
359794
360055
360324
360595
360867
361132
361387
361634
361892
362154
362424
362689
363220
363479
363734
364238
364497
364777
365046
365308
365817
366321
366580
366843
367105
367375
367638
367888
368132
368382
368631
368895
369166
369426
369680
369933
370429
371189
371709
372207
372444
372690
373196
373449
373706
373959
374211
374458
374944
375193
375455
375718
376226
376469
376709
376956
377203
377452
377709
377965
378227
378476
378718
378955
379198
379443
379700
379964
380220
380469
380714
380963
381203
381441
381689
381947
382200
382458
382711
383428
383679
383929
384178
384927
385169
385643
385878
386132
386647
386892
387136
387378
388103
388355
388607
388864
389120
389365
389599
389838
390081
390331
390589
390845
391103
391350
391594
391841
392085
392324
392570
392830
393092
393349
393594
393839
394077
394324
394574
394831
395082
395338
395590
395839
396085
396325
396567
396817
397083
397342
397848
398094
399087
399604
399870
400119
400361
400606
400854
401106
401371
401635
401894
402145
402399
402648
402897
403143
403399
403663
403932
404200
404448
404692
405195
405447
405967
406229
406481
406731
407225
407472
407731
408002
408515
408763
409008
409250
409497
409743
410001
410256
410517
410780
411026
411263
411506
411751
412009
412275
412532
412785
413524
414014
414272
414531
414796
415058
415306
415547
415799
416056
416309
416568
416834
417094
417352
417850
418097
418350
418616
418879
419143
419396
419642
419882
420383
420633
420889
421151
421417
421669
421913
422156
422403
422654
422914
423176
423435
423688
423939
424189
424435
424673
424924
425182
425444
425703
425951
426432
426679
426927
427075
427429
427689
427938
428183
428428
428666
428903
429144
429656
429909
430157
430396
430628
430866
431110
431348
431594
431843
432098
432341
432577
432803
433031
433262
434000
434247
434389
434712
434961
435189
435414
435671
435895
436140
436387
436631
436864
437093
437328
437547
437803
438047
438289
438537
438778
439032
439248
439474
439703
439929
440174
440418
440662
440893
441123
441344
441583
441811
442046
442280
442520
442766
443016
443253
443480
443710
443941
444182
444412
444663
444906
445146
445383
445624
445853
446083
446314
446554
446794
447043
447293
447528
447759
447929
448218
448455
448693
448931
449173
449413
449651
449886
450112
450337
450564
451046
451291
451533
451766
451997
452224
452454
452687
452919
453162
453654
453897
454134
454358
454585
455055
455299
455544
455790
456025
456262
456498
456951
457186
457427
457913
458159
458392
458616
458840
459076
459307
459542
459780
460020
460255
460491
460722
460945
461166
461388
461626
461872
462109
462342
462577
463028
463254
463486
463635
463950
464194
464673
464906
465128
465350
465573
466046
466528
466762
466998
467230
467456
467679
467905
468138
468377
468622
468866
469101
469327
469553
469781
470013
470248
470481
470721
470963
471204
471437
471665
471893
472116
472866
473079
473319
473556
473781
474005
474242
474474
474711
474956
475205
475447
475683
475907
476122
476360
476592
476834
477075
477316
477550
477791
478007
478252
478948
479189
479437
479686
479918
480147
480379
480617
480848
481091
481334
481578
481822
482066
482302
482530
482762
482993
483237
483486
483737
483979
484216
484451
484684
484916
485148
485390
485627
485874
486123
486364
486816
487046
487274
487509
487755
487997
488141
488470
488713
489166
489389
489621
489859
490104
490254
490592
490827
491051
491284
491514
491744
491977
492220
492462
492701
492938
493168
493393
493616
493850
494093
494333
494576
494817
495052
495278
495743
495972
496209
496451
496701
496946
497186
497413
497637
497865
498099
498339
498580
498823
499061
499304
499541
499771
499994
500221
500458
500698
500943
501187
501424
501654
501881
502115
502344
502578
502814
503057
503299
503539
503777
504004
504231
504454
504689
504933
505177
505411
505650
505887
506112
506340
506573
506802
507032
507275
507525
507762
507996
508222
508448
508671
508903
509141
509378
509617
509856
510097
510329
510556
510776
511004
511237
511474
511718
511961
512196
512424
512651
512882
513107
513339
513572
513812
514051
514294
514756
514982
515205
515435
515917
516150
516386
516622
516847
517077
517308
517534
517767
518008
518261
518506
518745
518972
519199
519427
519659
519898
520137
520379
520617
520860
521097
521324
521543
521773
522009
522246
522490
522741
522980
523209
523441
523678
523907
524141
524385
524632
524874
525122
525367
525597
525826
525964
526304
526552
526802
527048
527291
527529
527768
528009
528243
528481
528728
528986
529236
529485
529722
529958
530192
530434
530682
530929
531180
531430
531682
531923
532162
532394
532633
532874
533128
533386
533636
533881
534118
534361
534599
534839
535080
535331
535834
536085
536323
536556
536791
537041
537288
537539
537789
538040
538281
538520
538762
538995
539231
539478
540234
540475
540710
540939
541176
541422
541664
542161
542415
542893
543125
543356
543594
543845
544102
544348
544595
544834
545073
545310
545549
545787
546033
546285
546541
546791
547026
547262
547495
547735
547979
548230
548475
548723
548967
549209
549447
549680
549917
550159
550413
550670
550922
551163
551402
551638
551877
552120
552366
552616
552864
553120
553369
553608
553838
554076
554315
554564
554822
555073
555320
555561
555806
556045
556281
556517
556762
557012
557266
557518
557757
557991
558224
558467
558710
558958
559205
559454
559699
559943
560182
560412
560648
560886
561136
561392
561645
562125
562360
562597
562837
563077
563324
563572
564073
564313
564540
564770
565009
565257
565509
565762
566018
566261
566508
566751
566990
567225
567473
567728
567986
568243
568490
568645
568965
569215
569462
569714
569969
570227
570478
570728
570974
571213
571449
571690
571951
572206
572460
572707
572951
573185
573428
573676
573919
574169
574428
574692
574940
575180
575421
575662
575905
576161
576421
576678
576929
577182
577429
577670
577906
578151
578406
578666
578925
579176
579425
579661
579799
580150
580403
580655
580910
581167
581421
581668
581909
582150
582390
582906
583162
583413
583899
584139
584384
584626
584874
585128
585392
585641
585882
586118
586358
586594
586841
587101
587355
587604
587853
588103
588340
588577
588818
589067
589317
589578
589836
590082
590320
590562
590810
591054
591303
591559
591815
592065
592556
592792
593028
593277
593533
593784
594032
594278
594524
594760
595482
595730
595988
596246
596496
596730
596964
597205
597446
597693
598204
598450
598700
598946
599184
599416
599655
599902
600157
600410
600663
600909
601141
601383
601627
601870
602112
602363
602616
602867
603113
603349
603584
603816
604064
604318
604571
604818
605308
605548
605791
606265
606514
606769
607020
607271
607504
607738
607967
608206
608448
608692
608858
609187
609438
609680
609915
610144
610377
610617
610863
611116
611361
611603
612067
612305
612772
613016
613266
613513
613757
613994
614226
614455
614691
614939
615429
615672
615916
616148
616379
616612
616844
617320
617522
617821
618060
618290
618520
618976
619135
619463
619955
620207
620449
620684
620915
621153
621394
621648
621909
622159
622404
622645
622890
623127
623368
623613
623867
624120
624379
624633
624870
625107
625347
625596
625845
626103
626356
626607
626853
627098
627342
627581
627824
628078
628602
628854
629340
629581
629824
630075
630330
630582
630838
631098
631339
631573
631813
632060
632314
632573
632833
633089
633335
633584
634074
634571
634832
635091
635351
635596
635837
636079
636332
636586
636845
637104
637363
637611
637859
638108
638350
638593
638851
639118
639374
639625
639873
640117
640358
640606
640856
641112
641370
641635
641889
642137
642376
642617
642862
643121
643388
643644
643899
644151
644403
644648
644894
645144
645406
645668
645935
646193
646445
646687
646936
647192
647450
647705
647968
648226
648483
648733
648977
649221
649471
