4.2495,1.3106,0.080409,0.12281
3.7825,1.37,0.070274,0.10526
3.9368,1.3973,0.084093,0.10526
4.5565,1.4302,0.065437,0.15789
4.2648,1.3644,0.080454,0.12281
3.7535,1.343,0.072946,0.10526
3.7779,1.2796,0.09274,0.10526
4.3721,1.3675,0.057677,0.12281
3.8688,1.3739,0.077152,0.10526
3.9237,1.3846,0.086788,0.12281
4.5983,1.4283,0.058958,0.12281
4.4066,1.3838,0.060432,0.14035
3.798,1.3909,0.085265,0.10526
3.8031,1.3112,0.092372,0.10526
3.9971,1.3304,0.073544,0.10526
3.9273,1.362,0.090047,0.12281
4.141,1.3926,0.07298,0.10526
3.8528,1.3496,0.0812,0.10526
3.9083,1.264,0.081813,0.10526
3.705,1.309,0.083454,0.12281
3.942,1.3193,0.085,0.10526
4.0042,1.4298,0.095232,0.12281
4.8491,1.4646,0.058346,0.14035
4.1532,1.309,0.083779,0.12281
4.2463,1.4332,0.068427,0.12281
3.8427,1.321,0.10882,0.10526
4.3227,1.4153,0.062367,0.14035
4.5949,1.4786,0.051732,0.12281
3.9536,1.4462,0.084044,0.10526
4.2082,1.3708,0.081983,0.10526
4.1201,1.4543,0.092839,0.12281
3.9934,1.3339,0.083649,0.10526
4.0875,1.4108,0.070313,0.10526
4.161,1.4412,0.10351,0.10526
3.8427,1.3326,0.083162,0.10526
3.8102,1.3044,0.092133,0.10526
4.0411,1.3766,0.09327,0.10526
4.0134,1.3583,0.080552,0.10526
3.9943,1.4238,0.069712,0.10526
4.0321,1.3596,0.073304,0.12281
4.1923,1.3644,0.069448,0.12281
4.0741,1.3948,0.081166,0.10526
3.8433,1.262,0.082918,0.10526
4.6568,1.4966,0.064078,0.15789
4.0426,1.3387,0.088048,0.10526
4.6042,1.4743,0.055651,0.14035
3.9714,1.3191,0.0957,0.10526
3.9964,1.3059,0.091204,0.10526
4.4068,1.3946,0.066872,0.12281
4.6953,1.4659,0.063368,0.14035
4.1897,1.3069,0.078638,0.12281
3.8508,1.2812,0.087654,0.10526
3.8606,1.3615,0.096439,0.10526
3.8997,1.374,0.070093,0.087719
4.0508,1.3084,0.12535,0.12281
4.0087,1.3509,0.068557,0.10526
4.0575,1.2873,0.069592,0.10526
3.8476,1.2155,0.081158,0.10526
3.9191,1.3001,0.068768,0.087719
4.0224,1.3637,0.084567,0.10526
3.9001,1.2565,0.083924,0.087719
4.9731,1.5479,0.054033,0.15789
3.9414,1.3004,0.096694,0.10526
4.3185,1.3864,0.073338,0.12281
3.9163,1.4127,0.07995,0.10526
3.9056,1.2728,0.070744,0.087719
4.0121,1.3165,0.069009,0.10526
3.8374,1.3241,0.10921,0.12281
3.85,1.3609,0.090273,0.10526
4.0099,1.2584,0.093842,0.10526
4.016,1.2385,0.11711,0.10526
3.7421,1.323,0.095548,0.10526
3.8677,1.3148,0.094109,0.10526
3.8574,1.2417,0.079895,0.087719
4.3649,1.3797,0.056964,0.14035
3.9592,1.2183,0.1199,0.087719
3.9893,1.3424,0.073975,0.10526
3.9736,1.2885,0.094177,0.10526
3.8023,1.315,0.082424,0.12281
3.579,1.2203,0.097811,0.087719
3.7996,1.1919,0.089753,0.087719
3.831,1.2799,0.078142,0.087719
3.8835,1.2944,0.099259,0.10526
3.944,1.3157,0.10076,0.10526
3.8017,1.2907,0.074279,0.10526
4.1093,1.3737,0.061724,0.12281
4.7218,1.4274,0.053751,0.14035
4.159,1.3703,0.087696,0.10526
4.278,1.3977,0.089961,0.14035
3.6486,1.389,0.092928,0.087719
4.0141,1.4472,0.108,0.10526
4.195,1.4063,0.11223,0.10526
3.9388,1.3493,0.074152,0.10526
4.1356,1.3304,0.072092,0.12281
4.2253,1.4215,0.073031,0.12281
3.9305,1.302,0.11651,0.087719
3.7538,1.2305,0.12266,0.10526
3.868,1.3657,0.096705,0.10526
4.3945,1.5028,0.078466,0.12281
4.1703,1.4146,0.097288,0.10526
4.0138,1.3347,0.073932,0.12281
3.9153,1.4394,0.08149,0.10526
4.0882,1.3662,0.097095,0.10526
3.867,1.3599,0.10767,0.087719
3.9033,1.3792,0.093909,0.10526
4.7706,1.5791,0.059818,0.17544
4.8384,1.5405,0.06526,0.14035
4.5507,1.4559,0.10805,0.14035
4.133,1.3736,0.07084,0.10526
3.9596,1.3111,0.088006,0.087719
3.9482,1.3307,0.087273,0.10526
3.9072,1.3361,0.090777,0.10526
3.7759,1.3417,0.079468,0.10526
4.0356,1.2973,0.084175,0.12281
4.5498,1.4317,0.08156,0.14035
4.0347,1.3126,0.095975,0.12281
4.0295,1.4269,0.094275,0.12281
4.0384,1.4011,0.088404,0.10526
3.8938,1.304,0.081444,0.12281
3.7806,1.3583,0.12356,0.087719
3.873,1.3243,0.12151,0.10526
4.6681,1.4826,0.06398,0.14035
3.9512,1.321,0.085389,0.10526
4.0021,1.3372,0.078809,0.10526
4.128,1.2833,0.080862,0.10526
3.983,1.3475,0.082486,0.12281
4.1283,1.2421,0.12985,0.10526
3.885,1.3005,0.072784,0.10526
4.0192,1.3153,0.084974,0.10526
4.3819,1.4332,0.073881,0.12281
3.8207,1.2866,0.082583,0.10526
3.787,1.307,0.10871,0.12281
4.4309,1.3782,0.09542,0.10526
4.0473,1.2507,0.089346,0.10526
3.8358,1.218,0.10184,0.10526
3.7206,1.3082,0.092665,0.10526
3.8705,1.3208,0.083968,0.087719
3.9511,1.2737,0.096751,0.087719
3.8054,1.3094,0.16084,0.10526
3.8398,1.297,0.091492,0.10526
3.9651,1.3798,0.085466,0.10526
4.1535,1.292,0.075677,0.10526
3.8569,1.1546,0.095603,0.10526
3.7263,1.3239,0.10257,0.10526
4.0435,1.3194,0.08155,0.10526
3.7385,1.2711,0.13346,0.10526
4.0212,1.3288,0.083416,0.12281
4.0451,1.3295,0.11161,0.12281
3.9552,1.2809,0.070935,0.10526
3.8837,1.2169,0.10422,0.10526
3.8352,1.314,0.089097,0.10526
3.8609,1.2395,0.091949,0.10526
3.9785,1.3012,0.1003,0.10526
3.9368,1.2979,0.077026,0.10526
3.9498,1.3137,0.088271,0.12281
4.0223,1.3401,0.11138,0.12281
3.9465,1.3182,0.10473,0.10526
3.568,1.2671,0.10919,0.087719
3.875,1.2219,0.088856,0.10526
4.3907,1.4187,0.090721,0.12281
3.8834,1.3156,0.080667,0.10526
3.9888,1.2758,0.091033,0.10526
4.0124,1.3149,0.087466,0.10526
3.9785,1.3286,0.086366,0.10526
3.8517,1.322,0.10353,0.10526
3.8137,1.2222,0.092361,0.087719
3.811,1.2456,0.11018,0.10526
3.9141,1.2699,0.082804,0.10526
4.0673,1.2308,0.088625,0.12281
3.9193,1.2916,0.08567,0.12281
5.0575,1.5117,0.057235,0.15789
4.5385,1.4704,0.071274,0.14035
3.8676,1.2317,0.092901,0.10526
3.7549,1.2103,0.08251,0.10526
4.9957,1.5331,0.053239,0.15789
3.9276,1.2467,0.082554,0.10526
4.0057,1.2514,0.077195,0.10526
3.858,1.2541,0.13972,0.10526
4.3888,1.3377,0.067591,0.12281
3.8896,1.3068,0.091876,0.087719
3.8064,1.2008,0.085664,0.10526
3.7762,1.3557,0.082552,0.10526
3.8099,1.3026,0.13479,0.10526
4.0199,1.3301,0.1042,0.10526
4.0289,1.3076,0.11911,0.10526
4.0114,1.3653,0.084757,0.12281
4.1353,1.311,0.079095,0.12281
4.0112,1.2463,0.072297,0.10526
3.8044,1.2013,0.078793,0.087719
3.8938,1.3321,0.090681,0.10526
3.7737,1.2375,0.09213,0.10526
4.3932,1.4177,0.11482,0.14035
4.0086,1.3638,0.10782,0.12281
4.0449,1.3452,0.084604,0.087719
3.8972,1.2877,0.073636,0.10526
3.8387,1.1966,0.079313,0.087719
4.3975,1.3959,0.099743,0.10526
3.9011,1.257,0.11289,0.087719
3.9128,1.3111,0.1169,0.12281
4.8072,1.4962,0.06096,0.14035
2.0027,1.415,0.1838,0.10526
4.4821,2.1052,0.063318,0.24561
5.9759,2.2215,0.045167,0.31579
4.589,1.658,0.10474,0.10526
2.5439,1.4315,0.076433,0.14035
5.094,2.9646,0.063553,0.10526
5.8178,2.3276,0.070269,0.10526
1.579,0.37505,0.077059,0.26316
6.3401,4.2057,0.059457,0.10526
6.3242,3.6131,0.060395,0.087719
6.2835,2.1403,0.064992,0.087719
5.614,2.4598,0.042941,0.12281
6.5734,2.3734,0.038767,0.24561
6.4469,3.4521,0.068039,0.087719
5.9654,3.1976,0.070358,0.087719
6.6629,2.0526,0.062559,0.087719
6.4514,4.1154,0.070568,0.087719
6.5565,3.007,0.064863,0.087719
6.0706,2.8204,0.061355,0.087719
6.363,1.996,0.031953,0.15789
6.9405,2.41,0.06078,0.19298
5.4356,3.4357,0.076666,0.087719
6.1023,4.4084,0.07013,0.087719
6.0867,2.2348,0.069609,0.087719
6.1477,2.0548,0.073494,0.087719
6.0394,2.741,0.066781,0.087719
6.0216,2.0284,0.074338,0.087719
6.4477,2.5432,0.048262,0.14035
6.6445,2.3834,0.043542,0.21053
6.8287,2.6416,0.040172,0.21053
5.3109,2.9777,0.068454,0.087719
6.1048,3.5,0.072017,0.087719
5.6244,2.7234,0.074388,0.087719
5.9858,2.0119,0.064697,0.070175
6.2599,1.8542,0.06066,0.070175
5.7337,2.8277,0.070773,0.087719
6.047,2.1358,0.070007,0.087719
3.6902,4.8196,0.030154,0.31579
6.1396,2.0206,0.03952,0.15789
6.3933,1.8404,0.034351,0.17544
6.849,2.6202,0.036082,0.22807
5.4649,2.3078,0.083427,0.070175
3.2801,2.2704,0.031419,0.17544
6.1179,2.8822,0.063241,0.070175
5.8413,2.6648,0.067999,0.087719
5.7413,5.3588,0.078348,0.087719
6.0553,3.9673,0.067026,0.087719
6.0635,3.0177,0.063576,0.087719
5.9226,2.1898,0.069459,0.087719
6.187,2.1114,0.038128,0.15789
6.1869,2.1895,0.045946,0.15789
4.3655,2.5689,0.13423,0.087719
6.3145,3.0699,0.065783,0.087719
6.1031,3.3179,0.067931,0.087719
6.1887,2.9418,0.070477,0.087719
3.1021,5.6795,0.049273,0.22807
5.7788,4.5484,0.072377,0.087719
6.3301,2.7144,0.065591,0.087719
6.1009,2.4775,0.068004,0.087719
6.4044,2.04,0.037425,0.17544
7.0645,2.2692,0.054034,0.21053
5.9669,2.4539,0.071969,0.087719
6.3598,2.7043,0.073065,0.087719
6.2459,2.3285,0.066953,0.087719
6.5818,2.4205,0.058409,0.087719
6.2055,2.8682,0.065186,0.087719
6.4578,1.8751,0.072122,0.087719
5.9746,1.9661,0.036434,0.14035
6.0805,2.3166,0.037216,0.12281
5.0076,2.4423,0.11083,0.087719
1.6209,0.71644,0.08956,0.19298
5.9932,4.0536,0.062157,0.087719
6.6031,3.1843,0.071942,0.070175
6.0159,2.6246,0.077456,0.087719
6.1633,0.16288,0.046942,0.24561
5.9653,1.5354,0.059522,0.087719
6.8586,2.0736,0.055784,0.087719
6.4008,2.4343,0.046555,0.17544
6.1888,1.9973,0.029415,0.17544
7.3761,2.13,0.050052,0.21053
5.1508,2.1172,0.10792,0.070175
5.3699,2.0314,0.049138,0.087719
5.0752,1.6452,0.072091,0.14035
5.9734,1.8646,0.056206,0.087719
7.2485,2.6941,0.047762,0.087719
6.216,2.6049,0.05868,0.087719
5.8615,1.8236,0.051616,0.087719
7.1809,1.5885,0.061504,0.070175
5.6468,2.3192,0.049945,0.17544
5.3254,2.0474,0.039732,0.14035
5.6082,2.2467,0.042275,0.12281
5.5411,2.84,0.11611,0.087719
5.6916,2.5258,0.06193,0.087719
6.8191,2.815,0.059552,0.087719
4.5782,2.7892,0.083676,0.087719
5.0522,1.8202,0.084037,0.14035
7.0067,1.3156,0.057363,0.10526
6.233,1.4797,0.072687,0.10526
5.7816,1.6512,0.073809,0.10526
6.8806,1.5891,0.048941,0.087719
6.003,2.2923,0.043031,0.19298
5.6939,2.07,0.061698,0.21053
6.6395,2.0353,0.056362,0.15789
5.2113,2.2246,0.056556,0.26316
2.9764,2.6668,0.12752,0.15789
2.2702,0.83239,0.13779,0.24561
5.0915,1.7052,0.081444,0.070175
6.0677,2.4522,0.063906,0.10526
6.4614,2.2171,0.073197,0.087719
5.5862,2.1591,0.061066,0.087719
5.5988,1.6032,0.062297,0.087719
2.6007,0.23265,0.12188,0.15789
6.7617,1.3305,0.059541,0.070175
6.1779,1.1876,0.078606,0.087719
6.5596,1.4287,0.06255,0.087719
6.0424,2.3869,0.056332,0.10526
7.5275,1.4642,0.059532,0.087719
5.8735,1.5905,0.057385,0.087719
3.4052,2.594,0.10103,0.19298
6.197,2.1351,0.030368,0.17544
5.6248,1.7801,0.032455,0.17544
6.0854,1.8158,0.036579,0.14035
4.6444,2.224,0.04547,0.15789
5.7623,2.3295,0.045422,0.19298
5.5796,1.3936,0.078877,0.22807
4.3869,2.1184,0.088666,0.087719
1.9811,0.95204,0.13036,0.24561
5.9003,1.8977,0.058052,0.087719
5.4345,1.9776,0.054196,0.087719
2.7113,1.2581,0.067266,0.17544
5.4721,2.1525,0.053779,0.087719
6.6582,1.8894,0.059894,0.12281
5.3335,1.4904,0.058176,0.070175
6.246,2.2968,0.055733,0.087719
5.75,2.6148,0.061545,0.087719
6.3034,2.0941,0.057881,0.087719
3.3387,3.0418,0.10473,0.24561
6.5279,1.9464,0.032463,0.22807
6.5209,2,0.030141,0.22807
7.5071,2.2329,0.060542,0.14035
4.5938,2.7602,0.13095,0.087719
1.6773,0.27475,0.09024,0.087719
1.5251,37.781,0.10133,0.14035
6.6986,1.9324,0.055891,0.087719
6.6177,1.4498,0.065946,0.087719
6.7537,1.1224,0.072161,0.087719
1.9899,0.29273,0.1121,0.29825
6.2252,1.7882,0.062647,0.087719
3.3017,2.0985,0.05704,0.17544
6.3686,1.8857,0.052169,0.12281
7.4725,1.3876,0.077575,0.14035
8.4264,1.1366,0.058533,0.087719
2.883,0.4003,0.055889,0.12281
6.2101,2.5314,0.05995,0.19298
6.3022,1.692,0.031728,0.17544
6.5424,2.3482,0.05057,0.19298
5.5072,1.2717,0.090514,0.087719
7.373,1.1964,0.064611,0.070175
6.6663,1.4829,0.057865,0.087719
7.5416,1.0304,0.069111,0.070175
7.3982,0.97282,0.062443,0.087719
7.4678,1.5066,0.060586,0.087719
6.7631,1.4161,0.060088,0.070175
6.9447,1.2423,0.063912,0.087719
3.7724,5.8403,0.05175,0.26316
6.4212,1.9156,0.032226,0.21053
3.8485,4.7315,0.080848,0.21053
6.1884,1.8677,0.032993,0.14035
6.0662,2.1604,0.062415,0.15789
4.5686,2.5734,0.10264,0.19298
5.9328,1.5725,0.068798,0.070175
2.5074,0.86819,0.097843,0.12281
6.3256,1.7356,0.065194,0.087719
7.0546,1.4487,0.066421,0.10526
4.486,0.24593,0.038937,0.24561
7.0922,1.4059,0.06379,0.087719
7.2527,1.2515,0.069041,0.070175
6.7622,1.2385,0.067762,0.087719
6.9111,1.3331,0.067352,0.087719
7.5094,1.3363,0.057047,0.087719
6.507,1.4135,0.070644,0.087719
7.1604,1.4382,0.061723,0.087719
4.9675,15.37,0.094669,0.087719
4.7815,0.6592,0.044145,0.087719
6.682,1.4121,0.060762,0.070175
2.4418,34.082,0.059374,0.19298
6.7116,2.4792,0.030177,0.19298
6.269,1.7394,0.032929,0.19298
6.7294,2.4406,0.053034,0.14035
5.8733,2.1425,0.045583,0.12281
6.6053,2.1746,0.047526,0.15789
7.7488,2.1516,0.070299,0.10526
6.3651,2.3335,0.064544,0.19298
6.4219,2.2563,0.062899,0.19298
6.2423,2.5221,0.041385,0.21053
5.6521,2.048,0.056137,0.17544
5.7424,2.7798,0.056882,0.14035
5.6654,1.6658,0.05878,0.21053
6.1694,2.4676,0.046466,0.17544
5.8015,2.2759,0.062728,0.22807
5.0709,1.5853,0.063209,0.15789
5.9653,1.638,0.035035,0.2807
5.1726,1.5524,0.063057,0.12281
9.1731,0.90904,0.027822,0.36842
8.6113,2.8659,0.015459,0.31579
4.9646,1.569,0.068729,0.14035
8.034,0.87248,0.024102,0.42105
5.0345,1.6367,0.068437,0.14035
8.6997,0.92586,0.02647,0.38596
8.4898,3.0342,0.016094,0.31579
5.1386,1.4962,0.069342,0.14035
8.9147,0.83381,0.024646,0.31579
5.2715,1.527,0.058626,0.15789
5.3374,1.5962,0.06009,0.14035
5.3901,1.7406,0.055779,0.15789
9.1022,0.97247,0.021078,0.35088
7.8691,3.3296,0.023196,0.31579
5.264,1.7655,0.058195,0.14035
6.6683,2.174,0.033058,0.24561
9.6117,3.6907,0.010885,0.35088
5.2486,2.0101,0.05896,0.15789
7.5907,3.4297,0.019386,0.29825
5.3374,1.6841,0.051359,0.14035
3.4405,0.19894,0.042098,0.29825
5.4466,1.6774,0.05414,0.15789
5.4131,1.5326,0.055654,0.14035
5.2074,1.6238,0.057098,0.14035
5.3356,1.7002,0.056662,0.14035
9.0369,0.9881,0.019145,0.36842
8.2048,3.9267,0.017588,0.31579
5.5544,1.9518,0.045051,0.15789
7.2636,3.3949,0.027363,0.35088
5.4604,1.7484,0.053992,0.15789
7.7405,1.0417,0.032386,0.26316
8.5823,3.3973,0.010971,0.31579
0.50789,5.6756,0.28312,0.17544
5.1635,1.7275,0.058164,0.14035
7.7214,6.3783,0.012929,0.42105
8.0253,3.5443,0.020401,0.36842
5.4328,1.8204,0.051835,0.15789
9.2844,3.2042,0.023954,0.40351
5.1427,1.6466,0.057445,0.14035
9.4351,3.2345,0.022553,0.38596
0.78181,0.0059837,0.15,0.22807
5.2577,1.5587,0.057652,0.15789
5.2379,1.6593,0.060232,0.14035
5.5008,1.7888,0.052867,0.14035
5.464,1.7127,0.051449,0.15789
5.3711,1.6549,0.050869,0.14035
0.93945,1.6491,0.091013,0.14035
5.505,1.8388,0.05046,0.14035
9.2529,0.44362,0.010005,0.19298
7.7192,1.2575,0.031551,0.19298
8.1867,3.3985,0.017842,0.33333
8.9058,1.0679,0.027888,0.22807
0.45936,1.4026,0.15967,0.19298
5.387,2.8436,0.048097,0.14035
7.9392,3.6515,0.023037,0.36842
5.4885,1.81,0.05231,0.14035
5.4742,1.7718,0.056131,0.14035
5.5323,1.72,0.053265,0.14035
5.547,1.983,0.05383,0.15789
5.4281,1.9422,0.053358,0.15789
5.5873,1.7562,0.052326,0.15789
5.4637,1.6624,0.059917,0.14035
5.1553,1.7448,0.063546,0.14035
5.0374,1.6998,0.056321,0.14035
5.2806,1.7746,0.055727,0.15789
5.2328,1.6635,0.065179,0.14035
5.232,1.5521,0.06647,0.14035
10.146,0.81916,0.008594,0.12281
5.2402,1.5439,0.066105,0.14035
5.3191,1.5881,0.061261,0.14035
5.1641,1.6232,0.062228,0.15789
5.1263,1.6544,0.063353,0.14035
5.0068,1.5807,0.065317,0.14035
4.924,1.4471,0.072143,0.14035
4.94,1.4942,0.068242,0.14035
4.9556,1.5552,0.067151,0.14035
4.9984,1.5401,0.064155,0.14035
4.9659,1.5533,0.064278,0.14035
4.9751,1.5534,0.06755,0.14035
4.8487,1.4739,0.072544,0.14035
4.8389,1.443,0.073659,0.12281
4.8587,1.4755,0.076325,0.14035
4.9975,1.5841,0.067057,0.15789
4.9558,1.5695,0.066245,0.15789
4.9645,1.5503,0.071644,0.14035
4.7911,1.4549,0.074439,0.12281
4.9774,1.5074,0.069981,0.14035
4.8239,1.5423,0.070986,0.14035
4.9503,1.5508,0.070427,0.15789
4.9038,1.4995,0.068261,0.14035
4.8931,1.4972,0.073655,0.14035
4.8949,1.5191,0.070235,0.14035
4.9531,1.4935,0.073064,0.14035
4.944,1.5701,0.071725,0.14035
4.9981,1.5008,0.06501,0.14035
4.8616,1.4719,0.071961,0.14035
5.0317,1.4614,0.069138,0.14035
4.9565,1.4614,0.073834,0.14035
4.9697,1.5044,0.071041,0.14035
4.9469,1.5309,0.067751,0.14035
5.1121,1.5527,0.064949,0.15789
4.9733,1.5619,0.06793,0.15789
4.8293,1.4797,0.076246,0.14035
4.9286,1.499,0.077411,0.14035
4.8636,1.5106,0.072695,0.14035
4.9345,1.5268,0.072831,0.14035
4.9897,1.603,0.070894,0.15789
4.9135,1.577,0.070442,0.15789
4.8334,1.5336,0.073457,0.12281
4.9004,1.5051,0.075706,0.14035
4.9382,1.5365,0.077331,0.14035
4.9923,1.595,0.066,0.15789
4.9919,1.5858,0.065388,0.15789
4.9422,1.5094,0.075397,0.15789
4.9613,1.4789,0.071393,0.14035
4.8177,1.5148,0.074947,0.12281
4.9133,1.5878,0.073001,0.14035
5.0629,1.5552,0.063528,0.14035
4.4378,1.7137,0.07477,0.14035
4.8946,1.497,0.070696,0.12281
4.9391,1.5209,0.067973,0.14035
4.8634,1.4542,0.078469,0.14035
4.8188,1.5128,0.075995,0.12281
4.7157,1.508,0.077424,0.12281
4.8964,1.5437,0.068892,0.14035
4.7783,1.3905,0.07922,0.14035
4.9673,1.32,0.070829,0.14035
4.8686,1.3689,0.076905,0.12281
4.8099,1.4466,0.073705,0.12281
4.9516,1.5562,0.071116,0.14035
5.1424,1.5496,0.066187,0.15789
5.0801,1.5629,0.068388,0.14035
4.8564,1.3656,0.074347,0.12281
4.9704,1.405,0.074333,0.14035
4.9764,1.4465,0.071508,0.14035
4.9285,1.4598,0.069812,0.14035
4.8882,1.485,0.073075,0.14035
5.0975,1.5573,0.068551,0.14035
5.0885,1.4824,0.069115,0.14035
4.9407,1.4541,0.073114,0.14035
7.5335,1.0056,0.026755,0.2807
5.0523,1.5373,0.064884,0.14035
5.2125,1.5714,0.059477,0.14035
5.3346,1.5776,0.061921,0.15789
5.3784,1.5705,0.064323,0.15789
5.4085,1.5399,0.066077,0.14035
5.5575,1.6858,0.061309,0.14035
5.5278,1.6851,0.058842,0.15789
5.2396,1.696,0.064928,0.14035
5.6538,1.7472,0.054164,0.15789
5.6787,1.9378,0.051442,0.15789
5.5239,1.9693,0.054319,0.15789
5.6274,1.9365,0.052259,0.14035
5.4741,1.9262,0.055518,0.15789
5.419,1.8608,0.060973,0.15789
5.5312,2.0512,0.053433,0.15789
5.3788,1.9634,0.055197,0.14035
5.4753,2.0438,0.053378,0.15789
5.3079,1.909,0.056603,0.14035
5.4953,1.9164,0.056311,0.15789
5.3962,1.9478,0.055758,0.15789
5.4873,2.1275,0.051253,0.15789
5.3856,1.8743,0.056924,0.15789
5.4943,2.1028,0.05164,0.15789
5.3767,2.0933,0.0552,0.14035
5.5137,1.9538,0.053039,0.15789
5.4759,1.829,0.056286,0.15789
5.3818,2.026,0.055481,0.14035
5.6993,2.08,0.050643,0.17544
5.3888,2.0113,0.055994,0.15789
5.3684,1.8389,0.060278,0.15789
5.4178,1.76,0.060158,0.15789
5.2761,1.9477,0.059127,0.14035
5.5775,1.9987,0.054617,0.15789
5.5785,1.8741,0.055314,0.15789
5.5951,2.0257,0.053816,0.15789
5.414,1.859,0.058479,0.14035
5.5124,1.7961,0.058715,0.14035
5.3155,1.8254,0.058705,0.14035
5.4226,1.9674,0.056056,0.14035
5.6151,1.9481,0.054618,0.15789
5.4746,1.8376,0.060014,0.15789
5.4997,1.7745,0.059793,0.14035
5.5309,1.8194,0.057041,0.15789
5.3882,1.828,0.060438,0.15789
5.5649,1.9725,0.055301,0.15789
5.444,1.8496,0.057946,0.15789
5.5811,1.7224,0.060051,0.15789
5.3329,1.7385,0.060994,0.14035
5.4147,1.7639,0.0619,0.15789
5.3219,1.7208,0.065294,0.14035
5.3168,1.7307,0.060828,0.15789
5.2871,1.6462,0.062494,0.15789
5.2335,1.5764,0.068396,0.14035
5.0931,1.4959,0.076742,0.14035
5.1059,1.4788,0.070517,0.14035
5.0199,1.5636,0.074912,0.14035
6.3925,0.5765,0.06437,0.24561
3.9634,1.864,0.12144,0.12281
3.8343,1.6564,0.13279,0.052632
3.5023,1.697,0.28881,0.15789
3.5711,1.3728,0.24187,0.087719
4.2174,1.3029,0.14862,0.087719
3.6233,1.6662,0.14891,0.087719
5.4285,1.9711,0.115,0.2807
4.4787,1.7123,0.24991,0.070175
4.9362,1.9362,0.13668,0.087719
5.3728,1.947,0.10026,0.087719
4.9417,1.8618,0.12572,0.19298
5.0822,1.7796,0.10352,0.12281
4.1811,1.7944,0.15885,0.10526
6.231,0.56639,0.067055,0.24561
4.6354,1.7818,0.15865,0.087719
3.8672,1.6559,0.18629,0.12281
4.6221,1.8864,0.28122,0.052632
4.9776,1.8164,0.11704,0.12281
4.8932,1.9692,0.28321,0.21053
5.4757,1.9016,0.085984,0.19298
4.5415,1.8942,0.38686,0.12281
4.8549,1.7633,0.11748,0.26316
4.5842,1.513,0.12277,0.17544
6.6745,0.58385,0.043579,0.24561
4.9249,1.8653,0.22122,0.12281
4.9536,1.9143,0.1529,0.21053
5.0168,1.8021,0.14637,0.17544
4.8585,1.8153,0.10049,0.070175
4.5236,1.7287,0.18581,0.070175
5.5084,2.0003,0.12011,0.22807
5.1402,1.899,0.11817,0.15789
3.957,1.6223,0.237,0.070175
2.3696,0.54156,0.37759,0.12281
2.169,0.63046,0.35112,0.14035
3.1224,1.4613,0.17932,0.10526
4.2511,1.7428,0.072352,0.10526
4.4458,1.7132,0.21039,0.10526
2.6136,1.255,0.18749,0.14035
2.764,1.2404,0.15215,0.14035
2.6616,1.1359,0.22815,0.070175
2.9425,1.4906,0.25393,0.10526
4.436,1.6499,0.10129,0.10526
3.3968,1.4754,0.23064,0.10526
3.4429,1.5384,0.21269,0.070175
4.1538,1.6354,0.15941,0.12281
4.0548,1.6068,0.25419,0.12281
4.4262,1.6365,0.20236,0.070175
5.6018,2.1517,0.11946,0.22807
5.6068,2.1391,0.17715,0.12281
4.7667,1.7876,0.1726,0.12281
2.7669,1.2249,0.15341,0.12281
2.2197,0.92221,0.49864,0.12281
3.6006,1.6398,0.25768,0.10526
4.3961,1.342,0.11406,0.10526
4.4061,1.8167,0.24202,0.17544
2.8445,0.9869,0.19799,0.12281
2.4655,0.79657,0.22937,0.12281
2.266,0.57197,0.29099,0.087719
3.2213,1.3184,0.21412,0.14035
3.1866,1.3656,0.15059,0.10526
4.4376,1.6466,0.084572,0.10526
3.6285,1.4654,0.25752,0.12281
3.8732,1.5034,0.13667,0.087719
3.9669,1.3678,0.13975,0.12281
2.6524,1.0943,0.41702,0.087719
4.0766,1.5584,0.1931,0.10526
4.2831,1.5059,0.10314,0.12281
3.8603,1.4814,0.29863,0.14035
3.6834,1.3802,0.17323,0.10526
3.8541,1.4522,0.14824,0.15789
3.7281,1.1545,0.19971,0.070175
3.3724,1.528,0.16033,0.087719
4.7651,1.794,0.14953,0.19298
4.8695,1.741,0.20179,0.10526
4.5755,1.5869,0.094885,0.10526
3.5662,1.3125,0.20089,0.10526
3.7672,1.7247,0.12552,0.10526
4.754,1.706,0.23518,0.14035
4.2192,1.6662,0.32047,0.087719
4.4882,1.6749,0.18836,0.12281
3.584,1.6222,0.13671,0.14035
5.1168,1.8657,0.22287,0.052632
4.7284,1.8464,0.19865,0.087719
5.06,1.963,0.22709,0.10526
5.045,1.9493,0.14458,0.12281
4.3344,1.58,0.21507,0.087719
4.6767,1.5983,0.10766,0.15789
4.2985,1.5474,0.18609,0.070175
4.7783,1.6702,0.32026,0.087719
4.779,1.7105,0.25649,0.087719
4.0882,1.6485,0.19785,0.10526
4.2805,1.5425,0.17106,0.12281
3.7997,1.6527,0.19321,0.15789
4.473,1.8442,0.28639,0.17544
4.7844,1.8094,0.14657,0.12281
4.2241,1.5962,0.14228,0.14035
4.3426,1.5932,0.11579,0.14035
3.918,1.5123,0.1667,0.10526
3.7782,1.3339,0.15128,0.14035
2.4417,1.2915,0.25711,0.087719
3.7005,1.5822,0.44191,0.14035
3.9084,1.4754,0.21151,0.10526
4.6132,1.641,0.18332,0.070175
4.4739,1.5569,0.11092,0.19298
4.1529,1.3424,0.29143,0.12281
3.6465,1.4567,0.21331,0.087719
2.234,1.0906,0.40622,0.21053
4.2539,1.5193,0.41673,0.19298
4.4736,1.7156,0.18816,0.14035
4.2054,1.5305,0.18841,0.087719
4.3273,1.4747,0.22485,0.14035
3.7165,1.4585,0.23562,0.070175
3.8237,1.3779,0.21359,0.14035
2.8105,1.1789,0.40571,0.070175
3.6754,1.501,0.28883,0.070175
3.9287,1.5611,0.14472,0.17544
3.5211,1.4642,0.23393,0.087719
4.1672,1.7474,0.20969,0.052632
4.2234,1.6858,0.22742,0.087719
3.4144,1.5718,0.18207,0.035088
3.8586,1.6545,0.28326,0.070175
3.8763,1.5213,0.22137,0.14035
2.8693,1.394,0.45459,0.035088
3.6398,1.646,0.25848,0.035088
5.163,1.8176,0.20715,0.15789
4.7773,1.7686,0.25827,0.15789
4.5545,1.7459,0.1519,0.12281
3.8126,1.6106,0.21183,0.070175
4.2551,1.6966,0.22806,0.052632
3.9204,1.5215,0.19916,0.087719
2.941,1.4009,0.21905,0.14035
4.4132,1.7405,0.22858,0.10526
4.6787,1.5775,0.21419,0.052632
4.4187,1.8338,0.16779,0.14035
4.1483,1.6168,0.1792,0.14035
4.0594,1.526,0.14031,0.087719
3.3228,1.45,0.28569,0.17544
3.108,1.401,0.27491,0.10526
3.1423,1.4971,0.45046,0.035088
4.0657,1.6105,0.30385,0.017544
4.3465,1.548,0.17094,0.087719
4.042,1.5476,0.32772,0.070175
4.0546,1.4152,0.15496,0.12281
3.8557,1.4523,0.17201,0.035088
3.3629,1.3443,0.2507,0.087719
3.4438,1.4452,0.26517,0.17544
4.6132,1.7323,0.2642,0.087719
4.4604,1.7088,0.20994,0.14035
3.8297,1.6318,0.30357,0.15789
4.5671,1.8066,0.15406,0.10526
4.5507,1.6957,0.19563,0.12281
3.5347,1.5622,0.40677,0.10526
3.4881,1.4158,0.28733,0.070175
2.7818,1.093,0.19053,0.052632
3.2912,1.4481,0.23699,0.10526
3.2658,1.3198,0.25432,0.087719
3.3552,1.4655,0.58923,0.12281
3.6782,1.209,0.19756,0.052632
2.3014,1.2116,0.37349,0.070175
3.3977,1.5017,0.24269,0.087719
2.5934,1.2779,0.40292,0.070175
4.2459,1.6608,0.21811,0.10526
4.3951,1.588,0.31068,0.070175
9.4673,3.0935,0.057032,0.2807
3.352,1.4279,0.32202,0.087719
3.1734,1.4294,0.27277,0.087719
2.782,1.216,0.41628,0.10526
2.1643,0.66417,0.54983,0.035088
6.476,0.56527,0.079039,0.15789
3.4061,1.5078,0.25815,0.087719
2.3068,0.64929,0.33731,0.10526
2.499,0.76812,0.53498,0.017544
1.8738,0.68973,0.72738,0.070175
2.0272,0.66861,0.36955,0.14035
1.9665,0.48653,0.56048,0.070175
1.911,0.64218,0.40341,0.070175
2.2443,0.69872,0.27523,0.087719
2.4682,1.0483,0.18261,0.14035
2.5001,0.7997,0.22733,0.087719
2.269,0.83297,0.38418,0.10526
2.4045,0.52262,0.34379,0.15789
2.0108,0.66655,0.33646,0.052632
1.9275,0.61913,0.64437,0.087719
2.2844,0.75578,0.368,0.087719
2.363,0.64047,0.34305,0.10526
1.9136,0.67286,0.49528,0.087719
1.9864,0.74293,0.34093,0.12281
2.0972,0.62913,0.4351,0.087719
2.1377,0.63957,0.38605,0.14035
2.0492,0.40787,0.53193,0.10526
2.1938,0.76822,0.28705,0.12281
2.3276,0.86946,0.39838,0.14035
2.3641,0.4471,0.39736,0.087719
2.2873,0.61745,0.37399,0.070175
2.161,0.59158,0.23417,0.12281
2.3382,0.43833,0.55119,0.12281
2.4428,0.65403,0.43442,0.10526
2.3281,0.61329,0.33148,0.12281
2.6368,0.49964,0.4075,0.035088
2.5791,0.47167,0.47552,0.087719
2.5521,0.49412,0.30129,0.10526
2.2139,0.60236,0.27227,0.12281
2.5031,0.56011,0.28276,0.10526
2.3983,0.719,0.33019,0.087719
2.3431,0.65742,0.26708,0.087719
2.1969,0.53367,0.39828,0.14035
2.0744,0.66787,0.5783,0.087719
2.0585,0.84231,0.43022,0.035088
2.5889,1.0221,0.30955,0.070175
2.2017,0.93747,0.33248,0.10526
2.3839,0.6718,0.2997,0.087719
2.2522,0.45701,0.40529,0.14035
2.5052,0.44458,0.46585,0.17544
2.0979,0.47811,0.7229,0.052632
1.9807,0.32096,0.69158,0.052632
2.2599,0.79118,0.31695,0.052632
2.3474,0.55186,0.66511,0.035088
2.2034,0.58835,0.6244,0.15789
2.0206,0.90145,0.37044,0.14035
2.0806,0.58414,0.51198,0.10526
2.2053,0.42396,0.44576,0.087719
2.3327,0.47639,0.76184,0.035088
2.7932,0.51785,0.24703,0.14035
2.4776,0.53615,0.60373,0.070175
1.8843,0.57386,0.57061,0.052632
2.2113,0.59115,0.56963,0.070175
2.3834,0.57094,0.79109,0.035088
2.3705,0.37172,0.38268,0.070175
2.133,0.7061,0.81409,0.017544
2.1654,0.52094,0.83887,0.087719
2.2171,0.61745,0.4879,0.10526
2.3728,0.94162,0.42165,0.10526
2.3665,0.93588,0.32427,0.10526
2.4734,0.6751,0.55128,0.035088
2.2546,0.49769,0.40886,0.087719
2.6772,0.49988,0.35035,0.10526
2.7943,0.44894,0.53431,0.21053
2.5301,0.70704,0.37961,0.052632
2.5151,0.42765,0.5623,0.070175
2.647,0.55382,0.22492,0.12281
2.5359,0.60209,0.36348,0.052632
2.5746,0.54825,0.21487,0.14035
2.8051,0.5285,0.38537,0.070175
2.1033,0.72131,0.31542,0.10526
2.35,0.57543,0.3845,0.10526
2.0564,0.52713,0.431,0.052632
1.817,0.76269,0.64275,0.10526
2.7689,1.1596,0.19824,0.10526
2.8029,1.0826,0.28456,0.052632
2.6112,1.0423,0.29723,0.12281
2.7197,0.98933,0.33291,0.087719
1.9382,0.84758,1.217,0.052632
1.8572,0.97177,0.70726,0.017544
2.2404,0.77403,0.51271,0.052632
2.0532,0.60177,0.49813,0.10526
2.2377,0.94309,0.45674,0.052632
2.2498,0.91069,0.64199,0.017544
3.6437,1.4153,0.23519,0.070175
2.3408,1.0687,0.48768,0.087719
2.5046,0.96891,0.30847,0.052632
2.2911,0.98171,0.34,0.070175
2.2091,0.69844,0.48498,0.070175
2.0395,0.45463,0.53979,0.035088
2.2348,0.5527,0.41385,0.19298
1.9543,0.78728,0.39713,0.087719
1.995,0.52196,0.65944,0.10526
2.5069,1.0349,0.38236,0.087719
2.3558,0.71143,0.31029,0.10526
1.875,0.67295,0.68622,0.052632
2.1548,0.9655,0.35885,0.10526
2.2753,0.67087,0.4245,0.17544
2.2879,0.47739,0.34328,0.10526
2.4724,0.6084,0.20718,0.14035
2.3478,0.62235,0.47615,0.15789
2.7932,0.82909,0.20821,0.052632
2.4871,0.61298,0.31532,0.087719
2.1415,0.5731,0.40527,0.070175
2.0425,0.73692,0.53488,0.087719
2.0466,0.52249,0.96125,0.017544
2.3775,1.0432,0.43844,0.035088
2.2938,0.5692,0.58844,0.15789
2.553,0.46751,0.94883,0.035088
2.1605,0.90675,0.4796,0.087719
2.2562,0.95032,0.26797,0.070175
1.6819,0.62788,0.45531,0.12281
2.0604,0.94402,0.49103,0.12281
2.0974,0.76172,0.49467,0.087719
2.0696,0.47999,0.84468,0.10526
2.3183,0.84881,0.21146,0.14035
2.2986,0.56712,0.33168,0.087719
2.6325,0.36459,0.48227,0.14035
2.3874,0.40942,0.50647,0.052632
2.9827,0.52793,0.2946,0.070175
2.4583,0.7504,0.29405,0.087719
2.2063,0.6598,0.28178,0.12281
2.0455,0.61318,0.45312,0.10526
2.1063,0.79188,0.41094,0.035088
1.9739,0.644,0.49575,0.10526
2.2046,0.59422,0.34857,0.10526
7.1797,2.5404,0.032951,0.24561
6.5942,2.1658,0.039505,0.19298
0.33699,0.50209,0.16861,0.17544
6.1205,1.949,0.039789,0.19298
5.9844,2.1416,0.046249,0.15789
6.3852,2.065,0.03732,0.19298
6.1531,1.9136,0.04197,0.17544
6.4062,1.7609,0.038675,0.17544
7.5223,2.6099,0.03835,0.17544
6.5816,2.0751,0.035169,0.21053
5.9897,1.8243,0.040778,0.17544
6.003,1.895,0.04401,0.17544
5.8911,1.8039,0.05031,0.17544
9.4283,0.61745,0.040102,0.24561
5.8923,2.1215,0.045234,0.17544
5.892,1.994,0.04135,0.15789
5.881,1.8568,0.043426,0.15789
5.6777,1.7217,0.050569,0.15789
9.7959,0.69622,0.039356,0.21053
5.9541,1.8648,0.047712,0.17544
5.7109,1.773,0.044677,0.17544
5.743,1.7594,0.053207,0.15789
5.7556,1.8158,0.042204,0.15789
5.826,1.7924,0.047777,0.15789
5.81,1.707,0.045645,0.15789
5.7262,1.9007,0.050165,0.15789
5.9708,1.9375,0.038619,0.15789
5.7864,1.6873,0.04822,0.15789
5.9834,1.8386,0.04228,0.17544
6.0082,1.9914,0.040034,0.17544
5.8029,1.8868,0.044012,0.15789
5.7877,1.8733,0.046551,0.15789
5.9763,1.8718,0.047628,0.17544
5.7287,1.7323,0.055707,0.15789
6.0186,2.0578,0.039916,0.19298
5.871,1.8965,0.04453,0.15789
5.8137,1.7452,0.046539,0.15789
5.7996,1.4825,0.05512,0.14035
8.4592,0.70747,0.043158,0.24561
5.9685,1.7887,0.043021,0.17544
7.4112,2.7826,0.043845,0.22807
6.1342,1.9464,0.042521,0.17544
10.598,2.6073,0.031821,0.087719
5.7907,1.589,0.045867,0.15789
5.8037,1.812,0.043935,0.17544
6.3308,1.975,0.03846,0.19298
8.2565,0.83283,0.037878,0.26316
5.9143,1.9774,0.044983,0.15789
5.9444,1.7497,0.048055,0.15789
10.675,2.4387,0.023351,0.10526
6.1321,1.9329,0.037887,0.17544
6.2583,1.9413,0.040253,0.17544
6.6647,4.9096,0.024266,0.35088
5.8433,1.6731,0.050103,0.15789
7.3097,3.0686,0.020252,0.36842
6.0864,1.8776,0.042862,0.17544
7.2576,7.6877,0.019579,0.35088
6.1521,2.0127,0.038704,0.17544
6.1691,1.7849,0.040307,0.17544
8.073,3.2844,0.02863,0.19298
5.8631,1.8081,0.047415,0.15789
5.8993,1.9006,0.044987,0.15789
6.1866,1.998,0.039167,0.19298
5.6298,1.8188,0.051292,0.14035
5.9375,1.8013,0.042277,0.17544
5.6371,1.9097,0.048498,0.15789
5.8654,1.809,0.044151,0.17544
6.6899,3.5113,0.01833,0.38596
8.886,0.67233,0.041284,0.22807
5.8664,1.9255,0.045986,0.17544
5.8798,1.7278,0.046083,0.15789
5.8708,7.0446,0.01851,0.22807
6.0378,1.9986,0.039648,0.17544
5.7136,1.8814,0.049516,0.17544
5.6784,1.9275,0.05556,0.15789
5.6556,1.6574,0.049053,0.15789
9.4545,2.8924,0.026294,0.12281
5.6323,1.9075,0.04845,0.15789
5.9213,1.808,0.042394,0.15789
9.0246,0.72629,0.040114,0.22807
5.8183,1.8978,0.045775,0.15789
5.8678,1.7877,0.045816,0.17544
5.7311,1.8625,0.063194,0.15789
6.2352,2.0027,0.039746,0.17544
2.44,0.6274,0.044999,0.14035
6.1863,0.84206,0.037672,0.29825
9.5171,2.9893,0.02326,0.21053
9.2881,2.3731,0.027045,0.10526
6.1311,2.3106,0.040043,0.17544
8.4307,3.0483,0.029884,0.15789
10.208,2.0153,0.025909,0.14035
5.8997,2.1788,0.045677,0.17544
6.3581,2.0128,0.039386,0.17544
5.5298,2.1663,0.047281,0.14035
6.3944,1.8902,0.042906,0.21053
6.1837,2.1928,0.046844,0.19298
6.2777,2.241,0.039747,0.17544
6.0852,2.3153,0.043974,0.19298
10.396,2.4548,0.028766,0.052632
6.0004,2.3174,0.042203,0.17544
6.2553,1.9099,0.047787,0.17544
6.0083,2.1755,0.044576,0.15789
5.5061,2.0678,0.045933,0.15789
5.5767,1.9437,0.060203,0.14035
5.9249,1.867,0.042248,0.17544
6.0226,2.3334,0.042485,0.17544
5.736,2.1562,0.044908,0.17544
5.912,2.0814,0.043833,0.17544
5.7539,2.2689,0.049528,0.17544
6.0408,2.0554,0.044584,0.15789
5.673,2.0104,0.047979,0.15789
6.2131,1.8969,0.052997,0.19298
5.5108,2.1318,0.061047,0.14035
5.8196,2.235,0.04494,0.14035
5.8164,2.3638,0.040687,0.15789
5.9223,2.0688,0.047248,0.15789
6.5344,2.0593,0.041958,0.19298
5.9996,2.6451,0.039427,0.17544
5.8548,2.2226,0.051111,0.17544
5.8884,1.9839,0.05414,0.15789
6.1024,1.9013,0.043882,0.17544
5.5811,2.2246,0.04901,0.15789
6.0604,1.8774,0.049535,0.17544
5.4495,1.9984,0.048651,0.15789
5.9961,1.9388,0.045108,0.19298
5.6951,2.323,0.050044,0.17544
6.2616,2.1097,0.043827,0.19298
6.1771,2.0691,0.046893,0.21053
6.6919,2.0327,0.037781,0.19298
5.428,2.1463,0.050776,0.15789
5.7854,2.2291,0.054751,0.17544
6.0914,2.0396,0.04203,0.17544
8.7216,2.7759,0.029772,0.17544
10.342,1.7309,0.028283,0.10526
5.9932,2.3097,0.042025,0.15789
6.0818,2.0236,0.040005,0.17544
5.6629,2.0273,0.047498,0.15789
5.9815,2.199,0.05201,0.15789
5.609,1.9533,0.052528,0.15789
9.0014,3.0081,0.03093,0.17544
5.9283,1.9399,0.04533,0.14035
5.5667,2.2874,0.051331,0.15789
6.2154,1.9399,0.046361,0.17544
5.6172,2.1834,0.048987,0.15789
6.4552,2.0205,0.037339,0.17544
5.5045,2.0578,0.051242,0.17544
6.1827,1.8612,0.047204,0.19298
0.34745,0.89544,0.17279,0.21053
5.6624,2.0616,0.046053,0.14035
6.4729,2.2562,0.041585,0.17544
5.6459,1.8727,0.053058,0.15789
6.9247,2.3494,0.036684,0.21053
6.0072,1.9401,0.053546,0.17544
6.4382,2.3481,0.044102,0.17544
5.6723,1.8795,0.054444,0.14035
0.43543,5.5307,0.17256,0.15789
5.6705,1.8016,0.045988,0.15789
6.031,1.8927,0.044838,0.15789
8.3153,0.70942,0.047113,0.22807
6.3701,2.7341,0.039647,0.19298
5.7832,1.648,0.044259,0.15789
6.1342,3.7667,0.019173,0.38596
6.0522,1.801,0.044324,0.15789
7.5653,3.5858,0.020864,0.38596
6.0436,1.8882,0.053084,0.15789
6.6169,14.138,0.024295,0.31579
6.158,1.7552,0.045895,0.17544
7.1156,2.9515,0.01707,0.35088
6.0535,1.6524,0.044548,0.17544
6.9808,4.1856,0.0219,0.38596
6.2853,2.0152,0.038883,0.19298
7.5356,12.464,0.0172,0.29825
6.3986,1.8581,0.042473,0.19298
7.3069,6.7726,0.016719,0.38596
6.2147,1.7433,0.03949,0.17544
8.0729,1.8962,0.017462,0.33333
6.176,1.9044,0.039585,0.17544
7.8241,6.0541,0.017513,0.40351
6.2721,1.9263,0.050168,0.17544
7.186,15.068,0.024499,0.29825
6.1119,1.854,0.044644,0.17544
5.8033,1.8105,0.046386,0.15789
7.6445,0.66763,0.041881,0.2807
6.0996,2.0078,0.050289,0.17544
6.1423,1.8773,0.048506,0.17544
7.918,4.5346,0.020807,0.14035
5.9852,1.8678,0.046116,0.17544
6.0249,1.872,0.04867,0.17544
3.0029,0.081533,0.04154,0.33333
9.4044,0.69708,0.041038,0.21053
5.9532,1.9437,0.042022,0.17544
5.819,1.8745,0.044803,0.17544
7.5848,0.59219,0.042278,0.22807
5.9829,1.9739,0.044984,0.15789
5.7961,1.8279,0.05247,0.15789
8.5246,0.85507,0.032618,0.24561
5.8278,1.9294,0.051968,0.15789
5.9462,1.8634,0.053854,0.15789
7.8431,0.8814,0.038189,0.24561
5.9842,2.1053,0.047925,0.15789
6.0565,1.9251,0.049145,0.17544
7.4524,0.82673,0.051355,0.24561
5.75,1.7275,0.061107,0.15789
5.933,1.8881,0.051412,0.17544
6.757,0.92728,0.045178,0.2807
6.0103,2.0222,0.041453,0.17544
5.9585,1.8419,0.047777,0.15789
7.5096,0.77254,0.042561,0.29825
0.52862,0.97743,0.12435,0.17544
5.7876,1.8427,0.056417,0.17544
6.2074,2.0594,0.048357,0.17544
8.5297,3.0546,0.025947,0.21053
5.8393,1.9718,0.04749,0.15789
5.8637,1.7458,0.060168,0.15789
8.6633,0.66561,0.059603,0.22807
5.8725,1.9812,0.071967,0.15789
5.6594,1.8969,0.065269,0.14035
8.738,0.60486,0.041982,0.24561
5.7382,1.9845,0.057887,0.15789
5.7735,1.8951,0.055002,0.17544
5.662,1.7845,0.048754,0.15789
5.9886,1.9591,0.046172,0.17544
8.1682,0.65051,0.067169,0.24561
5.6774,2.052,0.056636,0.14035
5.8825,1.9229,0.061205,0.15789
5.7711,1.8493,0.055143,0.15789
5.7592,1.7844,0.054222,0.15789
8.8209,0.67273,0.036729,0.22807
6.1576,2.1841,0.043371,0.17544
5.6298,1.7706,0.057841,0.15789
5.8948,1.8201,0.059372,0.15789
5.6585,1.8743,0.049012,0.17544
8.7152,0.60577,0.04853,0.26316
5.6937,2.0135,0.075427,0.14035
5.9949,2.0519,0.045165,0.17544
5.7523,1.8261,0.063057,0.15789
5.6439,1.8218,0.070372,0.15789
2.4457,0.33497,0.059293,0.52632
8.284,0.63974,0.047999,0.26316
6.0151,2.0463,0.044612,0.19298
5.6684,1.761,0.050432,0.15789
7.6131,0.56123,0.047648,0.21053
5.776,1.8056,0.071376,0.17544
5.8606,2.0018,0.043972,0.17544
8.2997,0.9655,0.03558,0.24561
5.9339,1.9228,0.057014,0.15789
5.6651,1.7674,0.082338,0.14035
6.6476,0.70585,0.052072,0.29825
0.34942,0.65378,0.22122,0.26316
5.9273,2.0307,0.044815,0.17544
5.9291,1.9777,0.057224,0.17544
5.7023,1.8457,0.060511,0.17544
5.8427,1.8998,0.047283,0.17544
5.7363,1.8116,0.053121,0.14035
5.7629,1.9344,0.060642,0.15789
5.8921,2.0377,0.059032,0.17544
5.793,1.8276,0.051007,0.15789
5.4332,1.7201,0.10593,0.14035
5.7596,1.9685,0.052788,0.15789
5.9725,1.9841,0.048733,0.19298
5.7519,1.9068,0.060773,0.15789
7.2918,0.678,0.057694,0.29825
5.4928,1.8011,0.048577,0.15789
9.3283,2.6425,0.043602,0.14035
5.8273,1.9837,0.050159,0.15789
5.7241,1.9301,0.049475,0.15789
5.886,1.8561,0.054895,0.15789
2.0636,0.57018,0.048096,0.4386
6.3365,0.7143,0.071511,0.2807
5.8658,1.9733,0.0594,0.15789
5.8424,1.9284,0.064259,0.14035
8.6975,0.62366,0.047913,0.19298
5.732,1.9275,0.075866,0.14035
5.9467,1.9808,0.066902,0.15789
6.6826,0.78966,0.092678,0.2807
5.7553,2.0027,0.062691,0.15789
5.8333,1.9341,0.049342,0.17544
8.088,0.84202,0.067047,0.24561
5.762,1.8245,0.051472,0.15789
5.728,1.8836,0.048327,0.14035
6.5047,0.75336,0.056897,0.29825
10.56,1.1603,0.012736,0.26316
5.727,2.0279,0.059098,0.14035
6.1113,2.1673,0.048434,0.19298
5.8144,1.8569,0.062822,0.15789
5.6425,1.7554,0.072013,0.14035
1.727,0.92101,0.062316,0.22807
6.2919,0.76049,0.06687,0.2807
5.6609,2.0553,0.061719,0.17544
5.6711,1.9223,0.072491,0.14035
7.0647,0.71186,0.057,0.29825
5.5413,1.7956,0.051139,0.15789
5.608,1.8755,0.069578,0.14035
8.6503,1.0054,0.050887,0.24561
5.7436,2.0121,0.05339,0.15789
5.7089,1.8193,0.059733,0.14035
6.7844,0.69458,0.05823,0.29825
5.812,1.9034,0.071096,0.15789
5.9024,2.0493,0.073033,0.15789
8.2736,0.94028,0.041316,0.2807
4.5607,1.9658,0.048676,0.14035
4.7159,1.6717,0.054813,0.15789
4.7112,1.9721,0.052713,0.15789
6.5781,2.5652,0.046501,0.15789
8.4195,3.5197,0.032599,0.40351
6.3851,9.2926,0.015768,0.052632
8.5542,0.84891,0.028995,0.12281
8.9175,1.1761,0.02935,0.12281
8.7198,1.0284,0.031993,0.12281
8.549,0.87224,0.03213,0.19298
8.3595,4.1216,0.043923,0.42105
7.2935,1.8822,0.032542,0.10526
7.8329,0.74312,0.027847,0.26316
9.123,0.85868,0.028253,0.19298
10.111,2.8531,0.028845,0.42105
5.5702,2.1355,0.067477,0.10526
8.2174,0.80954,0.032379,0.21053
6.9745,1.0294,0.039339,0.12281
5.7125,1.4629,0.053449,0.12281
5.0821,1.7855,0.049722,0.15789
5.0448,2.9144,0.047863,0.14035
5.6238,0.94045,0.024576,0.17544
4.8996,1.7276,0.047117,0.14035
5.0064,1.7833,0.046935,0.15789
5.8444,2.6175,0.041627,0.15789
6.4376,1.1228,0.026991,0.14035
9.3492,0.84657,0.024513,0.17544
8.8931,0.78009,0.02934,0.21053
8.6432,0.81153,0.031003,0.21053
9.2288,0.8353,0.029969,0.19298
9.4693,1.1972,0.025661,0.12281
8.9974,0.93197,0.035986,0.12281
9.216,0.9196,0.026618,0.14035
8.725,0.88771,0.025399,0.15789
5.898,2.3107,0.067894,0.12281
7.7903,0.85494,0.030002,0.12281
8.8646,0.98875,0.031114,0.14035
9.1057,0.94262,0.028002,0.17544
8.9183,0.89503,0.031873,0.17544
8.9419,0.94718,0.029922,0.14035
8.4018,0.99332,0.028654,0.10526
8.1848,0.85019,0.031592,0.14035
7.444,1.0081,0.029798,0.12281
6.7382,2.2822,0.051447,0.12281
9.2798,2.9487,0.029706,0.40351
5.7653,2.6085,0.041405,0.15789
4.8161,1.6621,0.055899,0.14035
8.9144,0.92842,0.029752,0.19298
8.4933,0.87715,0.028822,0.21053
8.744,0.8074,0.029805,0.21053
9.2618,0.94237,0.02439,0.14035
9.1043,1.1741,0.035094,0.12281
9.57,1.1434,0.028091,0.12281
8.8969,0.88934,0.032577,0.15789
8.8174,0.92621,0.032891,0.15789
8.1556,0.85355,0.032389,0.15789
8.4836,0.87568,0.029931,0.12281
9.1118,1.0211,0.027155,0.12281
8.9126,1.0061,0.029945,0.12281
8.6072,0.97388,0.029963,0.12281
8.9622,0.9625,0.031276,0.10526
8.978,0.79867,0.033363,0.10526
8.4816,0.87842,0.026418,0.19298
8.3001,0.84502,0.033131,0.21053
9.9454,3.387,0.035004,0.38596
8.4508,0.92191,0.029766,0.14035
9.4301,1.0424,0.03197,0.12281
6.8041,2.7104,0.048184,0.12281
5.6329,2.0683,0.059068,0.12281
8.9054,0.82509,0.033308,0.15789
8.7678,0.82266,0.034868,0.19298
9.1764,1.0222,0.032436,0.10526
7.1467,1.1822,0.03574,0.12281
9.4218,0.92041,0.025677,0.14035
8.8718,0.93468,0.032305,0.15789
9.1227,0.87765,0.026533,0.21053
9.3224,0.89577,0.025867,0.19298
9.11,0.88461,0.028773,0.19298
9.0041,0.82715,0.029043,0.19298
8.803,0.79908,0.025849,0.22807
9.2414,1.0912,0.026077,0.12281
9.1013,0.98397,0.028112,0.12281
9.1128,0.87549,0.031227,0.12281
8.6589,0.8927,0.028769,0.12281
8.4999,0.86334,0.027725,0.14035
9.1012,0.91727,0.032505,0.12281
9.2067,0.91389,0.031436,0.12281
9.2227,1.0158,0.028106,0.14035
8.6324,0.93245,0.031286,0.12281
8.9341,0.89337,0.02733,0.17544
8.8121,0.82112,0.026571,0.21053
8.8943,0.78136,0.025792,0.24561
9.302,0.88434,0.026136,0.17544
8.8804,0.94023,0.033814,0.17544
9.1558,0.97237,0.032369,0.12281
9.2947,0.96926,0.026549,0.12281
9.3467,0.83594,0.029129,0.15789
9.3337,0.79065,0.032544,0.19298
9.2493,0.76451,0.027302,0.17544
8.9521,0.81914,0.029008,0.21053
8.466,0.87778,0.03143,0.15789
9.6516,0.98442,0.027644,0.15789
9.4215,0.91698,0.023929,0.15789
9.0048,0.97182,0.039087,0.12281
8.8914,0.87047,0.02884,0.21053
6.3027,1.2067,0.044353,0.12281
6.9138,2.3799,0.049348,0.15789
8.5484,3.2655,0.033107,0.40351
9.4632,0.96503,0.030818,0.12281
9.0897,3.1205,0.035075,0.40351
5.0799,1.6859,0.050285,0.15789
5.8562,3.7659,0.065484,0.19298
4.6058,1.7359,0.057288,0.17544
8.5879,0.80949,0.027952,0.21053
9.0515,0.81422,0.043696,0.19298
9.4246,0.8994,0.024662,0.17544
9.1664,0.98703,0.027419,0.12281
8.8769,1.002,0.038617,0.10526
8.9987,0.95344,0.026418,0.15789
8.9681,0.84025,0.029085,0.17544
7.5028,0.88466,0.028454,0.12281
8.0731,0.79508,0.031644,0.21053
7.651,1.7536,0.025594,0.12281
6.3064,1.7101,0.035589,0.12281
5.2347,3.3776,0.056399,0.12281
6.7323,3.4851,0.040002,0.19298
8.4037,3.528,0.035569,0.42105
8.6682,0.80084,0.028247,0.17544
8.9204,0.84682,0.028608,0.22807
8.0724,0.83438,0.036014,0.12281
9.1481,0.93525,0.041842,0.12281
9.1168,0.97514,0.030611,0.15789
9.1548,0.93909,0.027882,0.19298
9.3142,0.8954,0.026688,0.15789
8.4452,0.82573,0.0443,0.14035
8.5061,0.85302,0.034962,0.14035
9.1273,0.89772,0.034522,0.14035
9.4644,0.95879,0.031967,0.14035
9.4535,0.96789,0.028397,0.15789
9.0669,0.93285,0.029149,0.19298
8.8492,0.86752,0.048111,0.10526
8.9788,0.80824,0.0347,0.21053
8.6396,0.79911,0.025906,0.19298
9.0957,0.88791,0.028626,0.14035
9.2826,0.9384,0.036875,0.10526
9.4373,1.0379,0.034044,0.12281
8.9305,0.91475,0.037632,0.19298
9.3963,0.87724,0.026994,0.17544
9.1189,0.7886,0.046112,0.17544
8.7666,0.7809,0.025577,0.26316
9.4415,0.85407,0.042694,0.15789
9.3491,0.87552,0.026558,0.19298
9.3388,0.90759,0.040668,0.17544
9.1313,0.8634,0.039416,0.17544
8.9324,0.89605,0.030609,0.14035
9.1204,0.87805,0.036583,0.19298
9.0913,0.77286,0.023705,0.22807
8.8314,0.8502,0.035272,0.14035
6.9819,1.9762,0.025965,0.12281
9.6832,1.041,0.029803,0.12281
9.3952,1.0136,0.038612,0.12281
8.0571,0.89643,0.039091,0.12281
8.5172,0.80643,0.035659,0.17544
8.7361,0.85028,0.039468,0.21053
9.0965,1.0392,0.028569,0.14035
6.8,2.259,0.073647,0.14035
2.9283,0.4027,0.016853,0.26316
8.3753,0.58258,0.035639,0.36842
9.5364,1.0933,0.035492,0.10526
8.9923,9.9578,0.035616,0.36842
6.5104,1.044,0.058637,0.12281
8.3984,3.5653,0.036462,0.42105
6.3954,22.724,0.020233,0.070175
5.3966,1.7054,0.070128,0.12281
6.9047,2.3688,0.046965,0.15789
6.4265,2.4786,0.067279,0.15789
7.0213,2.2587,0.075271,0.12281
9.6038,0.90213,0.036465,0.17544
9.4425,1.008,0.034565,0.14035
8.4967,0.90396,0.036801,0.14035
8.554,0.88352,0.032134,0.17544
8.7245,0.84533,0.041485,0.17544
9.3619,0.90252,0.035127,0.15789
9.686,1.1776,0.032591,0.12281
9.3123,0.97439,0.038696,0.15789
8.8207,0.95515,0.0337,0.15789
8.6357,0.9738,0.029341,0.14035
8.7358,0.96574,0.035983,0.10526
8.8423,0.90141,0.031979,0.15789
8.8607,0.87536,0.027339,0.19298
9.3752,0.99162,0.03547,0.12281
8.8982,0.98751,0.026624,0.15789
9.0141,1.0231,0.039674,0.12281
8.9241,0.97696,0.033099,0.10526
8.5187,0.87565,0.039243,0.10526
8.58,0.92558,0.066927,0.087719
8.7681,0.991,0.028531,0.14035
9.1564,1.2813,0.037935,0.12281
9.1912,1.0144,0.043491,0.12281
8.58,0.95082,0.037639,0.10526
8.6867,0.88149,0.043794,0.15789
9.1057,0.86157,0.029106,0.17544
7.2228,1.1963,0.047042,0.12281
9.4774,0.99249,0.039171,0.12281
9.7344,0.97655,0.030603,0.15789
9.6019,0.91783,0.026479,0.15789
9.1246,0.92796,0.03734,0.12281
9.4943,0.87671,0.034907,0.17544
8.5427,0.87149,0.044023,0.15789
8.5476,0.8945,0.03152,0.17544
8.7759,0.9068,0.032898,0.17544
9.5353,0.9871,0.02305,0.14035
9.252,1.1159,0.027666,0.12281
9.0228,1.0568,0.033202,0.10526
9.0817,0.87697,0.037247,0.19298
9.1481,0.83014,0.03549,0.17544
9.4247,0.87952,0.033385,0.14035
9.8926,0.97562,0.030802,0.10526
9.529,0.96378,0.06635,0.10526
9.6165,0.94098,0.030435,0.15789
9.1846,0.91874,0.048393,0.087719
8.9522,0.95517,0.033973,0.12281
8.795,0.87077,0.030789,0.21053
9.0193,0.86554,0.036104,0.22807
8.739,0.90298,0.029685,0.19298
9.2488,0.87957,0.03083,0.19298
9.6412,0.87369,0.03939,0.15789
9.2,0.97733,0.033234,0.17544
8.8001,0.90287,0.037145,0.14035
8.8663,0.83856,0.031001,0.19298
8.8608,0.8224,0.032547,0.19298
9.1987,0.98784,0.023862,0.17544
9.1978,0.93307,0.029441,0.17544
9.595,0.94556,0.02588,0.15789
8.9593,0.8479,0.032063,0.17544
9.4229,0.89507,0.034978,0.17544
9.1361,0.80195,0.042538,0.22807
8.6266,0.85463,0.033062,0.21053
8.6967,0.91397,0.037178,0.14035
9.4541,1.0107,0.037146,0.14035
9.1241,0.92204,0.045583,0.15789
9.2232,0.91641,0.037423,0.10526
8.8222,0.78949,0.034879,0.22807
9.0212,0.79252,0.027479,0.24561
8.9834,0.80993,0.038633,0.22807
9.2027,0.80694,0.019813,0.21053
9.3384,0.84613,0.031151,0.19298
9.8074,0.97112,0.038609,0.14035
9.17,0.89961,0.028084,0.22807
9.2964,0.8397,0.049077,0.14035
8.8011,0.83465,0.037335,0.21053
8.7558,0.80189,0.037066,0.22807
8.6335,0.79875,0.032145,0.15789
9.6348,0.90118,0.030588,0.14035
9.9484,1.124,0.040704,0.10526
9.5127,0.96907,0.035301,0.17544
8.8333,0.91835,0.035567,0.14035
8.5341,0.96422,0.049861,0.14035
8.9214,0.97502,0.046082,0.14035
8.9161,0.94799,0.039146,0.15789
9.1253,0.86688,0.033463,0.19298
9.3841,0.92676,0.038368,0.17544
9.6639,1.0066,0.023342,0.15789
9.3714,0.90402,0.033668,0.15789
9.588,0.90904,0.042302,0.15789
8.9581,0.81652,0.022725,0.21053
9.7654,0.90046,0.028311,0.14035
9.0565,0.84909,0.027004,0.19298
9.6601,0.92112,0.030084,0.15789
9.8383,0.97653,0.049249,0.14035
9.2885,0.8941,0.055171,0.12281
8.6577,0.94068,0.059393,0.14035
8.7684,0.92543,0.051605,0.10526
8.5453,0.87807,0.050928,0.12281
8.8375,0.85727,0.039111,0.12281
9.6626,1.037,0.032078,0.12281
9.4218,0.97333,0.036983,0.12281
8.5961,0.83534,0.033739,0.21053
9.0742,0.91221,0.040177,0.17544
8.3153,0.98105,0.049656,0.12281
8.1798,0.9246,0.040569,0.10526
8.2056,0.85746,0.045443,0.15789
8.8079,0.94539,0.051098,0.10526
8.587,0.92861,0.035313,0.17544
9.4972,0.9912,0.029367,0.14035
9.2301,0.98281,0.052892,0.14035
8.5452,0.87032,0.052737,0.17544
8.4423,0.84655,0.040206,0.17544
5.8109,1.3738,0.035439,0.38596
6.7612,2.4158,0.0841,0.12281
8.6687,0.95693,0.037024,0.12281
6.4838,2.8167,0.071309,0.12281
7.5637,3.4702,0.033217,0.14035
8.366,3.4971,0.043984,0.47368
8.1892,3.4058,0.049695,0.26316
6.6312,2.1666,0.078406,0.12281
6.8944,2.4849,0.086529,0.12281
8.4284,3.3108,0.030298,0.14035
5.6243,0,0.045543,0.2807
9.0793,3.0909,0.041637,0.40351
5.0671,1.9744,0.041627,0.24561
6.0002,0.14136,0.021519,0.10526
6.9135,2.9458,0.028741,0.21053
6.2118,0.47754,0.021663,0.45614
7.0064,3.4467,0.027042,0.21053
5.5781,0.43776,0.039508,0.38596
7.0205,2.9625,0.029268,0.19298
6.2506,0.40571,0.027103,0.40351
7.0831,2.9832,0.025384,0.19298
6.0057,0.41764,0.032728,0.42105
7.2196,3.0732,0.024682,0.19298
6.182,0.36662,0.037302,0.42105
6.4081,2.8391,0.04061,0.17544
6.8349,0.42101,0.025317,0.42105
6.9282,2.8316,0.028201,0.17544
6.7203,0.36206,0.027852,0.45614
6.8325,3.1416,0.030714,0.21053
6.6934,0.33101,0.037825,0.40351
7.4563,3.0298,0.02594,0.22807
6.4124,0.35391,0.038755,0.38596
6.618,2.8831,0.030685,0.21053
6.3372,0.34028,0.028254,0.40351
6.6767,3.1609,0.027532,0.19298
6.5482,0.38356,0.031266,0.42105
6.8379,3.1779,0.030517,0.19298
6.2882,0.36727,0.030465,0.47368
6.5901,2.9577,0.046487,0.21053
6.3845,0.35922,0.027194,0.38596
6.9524,3.2276,0.024976,0.19298
6.0479,0.41336,0.02864,0.38596
6.6715,3.0078,0.028935,0.17544
6.867,0.38473,0.023025,0.36842
6.5137,3.2082,0.033937,0.19298
6.3252,0.38288,0.024336,0.4386
7.457,3.3462,0.034317,0.22807
6.4187,0.41275,0.027362,0.42105
6.383,3.4217,0.039054,0.19298
6.9801,0.40102,0.020807,0.38596
7.2019,3.1928,0.027696,0.21053
6.3644,0.37999,0.026933,0.38596
7.3279,3.1265,0.028521,0.22807
6.8665,0.33672,0.024049,0.45614
6.5089,3.4286,0.039069,0.19298
6.8679,0.36647,0.023376,0.36842
6.695,3.4006,0.025725,0.17544
6.1531,0.34962,0.028431,0.40351
6.6053,3.4997,0.033432,0.19298
5.8426,0.27845,0.040597,0.35088
5.9527,3.5583,0.047511,0.15789
6.7409,0.35656,0.025114,0.36842
6.8377,3.7638,0.033932,0.21053
6.5295,0.38242,0.022395,0.42105
6.761,3.5837,0.028391,0.19298
6.1266,0.34963,0.026154,0.35088
6.2469,3.2565,0.042242,0.17544
6.74,0.37399,0.029265,0.38596
7.3566,3.3547,0.023513,0.22807
6.3275,0.36075,0.033515,0.40351
6.3034,3.3906,0.04186,0.15789
6.494,0.33397,0.020717,0.36842
6.8535,3.469,0.030158,0.22807
5.623,0.29437,0.028748,0.31579
6.725,3.2558,0.030429,0.19298
6.7049,0.34395,0.027182,0.42105
6.6738,3.2719,0.037507,0.19298
6.252,0.34572,0.02638,0.40351
11.114,0.037153,0.015161,0.17544
6.5926,3.5083,0.029484,0.19298
6.3589,0.29728,0.02336,0.42105
6.8819,2.9264,0.031513,0.17544
7.1731,0.34474,0.031617,0.42105
6.8055,3.3118,0.023139,0.19298
6.2124,0.33372,0.042836,0.33333
7.6592,3.2007,0.01963,0.26316
5.9675,0.36017,0.03955,0.26316
7.0835,3.0919,0.02513,0.19298
6.6463,0.37966,0.032915,0.45614
6.9143,3.2619,0.030153,0.17544
6.5142,0.32649,0.032568,0.4386
6.8488,3.1178,0.031167,0.19298
7.1578,0.35924,0.022787,0.40351
7.2087,3.2376,0.029293,0.22807
6.5609,0.34862,0.022912,0.36842
7.2886,3.4299,0.022441,0.21053
6.8482,0.28483,0.054199,0.38596
6.5412,3.1562,0.027062,0.19298
7.0881,0.24928,0.024602,0.35088
7.4937,3.3356,0.020929,0.22807
7.0111,0.32283,0.04224,0.54386
6.5367,3.0635,0.031783,0.17544
6.6723,0.25601,0.025431,0.29825
6.2822,3.0409,0.030754,0.17544
7.0857,0.2914,0.031054,0.42105
7.4969,3.2446,0.019739,0.22807
6.2212,0.35313,0.031048,0.42105
6.9699,3.0242,0.024706,0.19298
7.1398,0.29719,0.021963,0.42105
7.3706,3.2528,0.031459,0.24561
6.317,0.30727,0.03815,0.42105
7.3573,0.41281,0.028515,0.21053
2.7694,0.15537,0.058037,0.21053
0.97556,0.48378,0.075635,0.19298
5.4847,1.4838,0.054515,0.22807
4.5933,1.519,0.046375,0.22807
5.4431,1.699,0.049166,0.26316
5.7998,1.2644,0.046127,0.21053
5.8432,1.6716,0.064681,0.29825
3.6452,1.4097,0.13622,0.22807
5.0274,1.8285,0.090622,0.19298
3.3682,0.37627,0.055809,0.087719
4.7677,2.5266,0.073934,0.14035
5.8253,2.2654,0.044846,0.22807
6.5671,2.1432,0.048831,0.22807
5.2664,1.9262,0.05254,0.24561
5.1163,1.8732,0.067963,0.17544
5.7179,2.0425,0.042889,0.24561
6.1809,2.232,0.056057,0.24561
5.7345,2.17,0.096741,0.21053
5.2633,3.1037,0.054031,0.17544
4.9933,2.5283,0.055646,0.19298
6.513,1.4878,0.050495,0.19298
6.1236,2.2004,0.05366,0.21053
5.8655,1.9549,0.069723,0.19298
5.6704,3.103,0.047332,0.19298
6.1048,2.1121,0.04544,0.19298
6.1375,2.3084,0.061978,0.21053
5.7594,1.9865,0.063904,0.19298
5.6782,1.7598,0.069539,0.22807
5.6675,2.0992,0.058102,0.19298
5.6757,1.0143,0.028651,0.087719
5.7197,2.1014,0.075664,0.19298
5.7054,2.0598,0.058772,0.21053
5.9273,2.0625,0.05199,0.21053
6.19,2.0931,0.047984,0.22807
5.5583,2.0356,0.055666,0.17544
5.7277,2.0063,0.069239,0.17544
6.1414,2.0649,0.05121,0.22807
5.758,2.0483,0.058286,0.17544
5.6663,1.9336,0.069023,0.19298
5.7272,1.9929,0.06335,0.21053
5.5829,2.0363,0.080283,0.15789
5.9549,2.0121,0.042581,0.21053
6.6361,2.1021,0.040376,0.26316
5.7045,1.9514,0.054768,0.17544
5.9978,2.0007,0.052381,0.19298
6.0478,2.0395,0.054586,0.22807
5.7894,1.9682,0.065813,0.17544
6.411,2.1148,0.055399,0.22807
5.2847,2.2202,0.082265,0.19298
5.9357,2.2381,0.062425,0.19298
5.6472,2.0228,0.066529,0.19298
5.9338,2.0399,0.053534,0.21053
6.6328,2.4469,0.046975,0.2807
12.169,1.9206,0.034666,0.19298
6.6806,1.8008,0.059271,0.22807
5.6592,1.975,0.046289,0.19298
6.0538,2.2488,0.04483,0.21053
6.1175,2.022,0.049084,0.22807
5.9207,1.9768,0.086265,0.21053
6.0735,2.0285,0.059973,0.24561
5.6384,1.8751,0.086463,0.21053
5.439,1.9548,0.066876,0.19298
5.6235,2.1062,0.062624,0.24561
6.0815,2.0222,0.063346,0.22807
6.2288,2.0061,0.072753,0.22807
5.7024,2.0107,0.058658,0.19298
6.1099,2.0454,0.054214,0.19298
5.9254,2.0619,0.060839,0.17544
5.656,1.9994,0.067145,0.21053
5.7049,1.949,0.058408,0.22807
5.7985,2.0759,0.073713,0.21053
5.5626,1.9633,0.072181,0.17544
6.4042,2.0827,0.044265,0.24561
5.9387,2.0605,0.05377,0.19298
6.1989,1.5179,0.05598,0.15789
5.9464,2.0864,0.047334,0.21053
6.8358,1.4872,0.04842,0.21053
6.4339,2.1098,0.057388,0.22807
5.536,2.0139,0.07622,0.19298
5.7115,1.9622,0.053671,0.19298
5.9449,2.0512,0.054668,0.21053
5.3773,2.0159,0.070644,0.17544
5.9516,2.0763,0.068543,0.21053
6.1196,2.1131,0.057714,0.22807
5.6996,2.0384,0.065121,0.21053
5.5162,1.958,0.071209,0.17544
5.894,2.0798,0.050862,0.21053
6.2725,2.1406,0.054069,0.22807
5.6087,2.0307,0.061418,0.17544
5.6846,2.0406,0.08214,0.19298
6.2978,2.1623,0.1188,0.21053
5.4274,2.0738,0.069763,0.17544
6.0309,2.1028,0.067561,0.22807
6.4836,2.1718,0.048743,0.26316
5.8714,2.0886,0.060422,0.19298
5.9461,2.0752,0.083248,0.21053
6.0642,2.1542,0.072975,0.26316
6.0802,2.0572,0.073937,0.22807
5.9278,2.0558,0.088411,0.21053
5.5964,2.0555,0.070343,0.21053
5.9479,2.0218,0.046419,0.19298
5.9648,2.124,0.059393,0.19298
5.5757,2.0621,0.093436,0.19298
5.9253,2.1114,0.066814,0.19298
5.63,2.0255,0.069821,0.17544
5.8025,2.1071,0.079585,0.22807
5.8738,2.0275,0.056742,0.19298
5.9516,2.0637,0.045272,0.21053
5.9181,2.0497,0.056855,0.21053
5.6573,2.0765,0.061263,0.21053
5.818,1.9957,0.057209,0.21053
6.0589,2.1198,0.047356,0.22807
5.5586,1.9765,0.059994,0.19298
6.1624,2.1092,0.059687,0.21053
5.76,2.07,0.068687,0.19298
5.3842,1.9602,0.084187,0.19298
6.2795,2.0777,0.065233,0.24561
5.5334,1.9908,0.056671,0.21053
6.0128,2.0877,0.065788,0.22807
6.233,2.1477,0.075785,0.22807
5.762,2.0553,0.062506,0.21053
6.056,2.0585,0.079495,0.22807
5.824,2.0451,0.069621,0.19298
5.8529,2.0548,0.057077,0.22807
6.2041,2.1418,0.092791,0.22807
5.8852,1.9853,0.063699,0.21053
5.9939,2.044,0.047632,0.21053
5.561,2.0348,0.063226,0.21053
5.792,1.9595,0.068237,0.19298
6.0891,2.1022,0.10703,0.24561
5.8649,1.9958,0.066044,0.19298
6.098,2.0317,0.052168,0.21053
5.7627,2.0687,0.079876,0.19298
5.7974,1.9662,0.063423,0.19298
5.8945,2.0393,0.067477,0.21053
5.4942,1.9919,0.068582,0.17544
6.2106,1.995,0.068349,0.21053
6.1324,2.1042,0.07011,0.22807
5.7148,2.0332,0.080657,0.17544
5.318,1.9584,0.082354,0.15789
6.1377,2.0927,0.065798,0.21053
5.7907,2.1198,0.078122,0.19298
6.0161,2.0932,0.059157,0.24561
5.9047,2.1585,0.058262,0.22807
5.7283,2.0158,0.065087,0.17544
5.1569,1.1363,0.030661,0.2807
5.7028,0.88246,0.046446,0.21053
5.7484,1.9894,0.071558,0.19298
6.0466,2.0618,0.096346,0.19298
5.9,2.0869,0.10947,0.22807
6.1067,2.6955,0.018012,0.31579
6.5728,2.3075,0.059066,0.2807
6.0742,2.075,0.062932,0.19298
5.4833,1.3335,0.055773,0.15789
6.1658,1.9376,0.078521,0.19298
6.0896,1.246,0.038212,0.26316
5.9042,2.0969,0.067532,0.19298
6.6453,1.3504,0.041503,0.15789
6.3657,2.1296,0.067331,0.22807
5.6731,0.92869,0.034676,0.14035
5.8564,1.9908,0.094128,0.19298
6.1471,1.1239,0.037946,0.14035
6.2692,2.017,0.049783,0.22807
5.9818,0.91054,0.062007,0.10526
6.2225,2.1484,0.051092,0.22807
5.3116,1.0659,0.066381,0.10526
5.8894,2.0196,0.12505,0.21053
6.0247,0.91937,0.035335,0.15789
6.3816,2.0828,0.043173,0.22807
5.3324,1.0649,0.071359,0.12281
5.8475,1.8914,0.070762,0.21053
6.2711,0.9608,0.029235,0.17544
5.9017,2.0474,0.075709,0.21053
2.3854,7.4535,0.05458,0.19298
6.8069,1.1134,0.040413,0.14035
7.4266,3.3716,0.052613,0.33333
7.579,3.1598,0.077208,0.35088
1.6976,2.4125,0.055962,0.15789
6.4818,2.0117,0.055278,0.22807
5.611,0.78689,0.051785,0.10526
5.5079,1.9136,0.078661,0.15789
5.7453,1.0208,0.047499,0.12281
5.7856,1.9648,0.052684,0.21053
6.8068,0.62566,0.052302,0.19298
6.3645,2.1013,0.049454,0.24561
5.7985,0.98552,0.056048,0.14035
5.9464,1.9302,0.074563,0.21053
5.7717,0.88967,0.04163,0.15789
5.8948,2.0677,0.11309,0.19298
2.4786,0.58386,0.054243,0.17544
7.0722,1.1014,0.036401,0.15789
4.1974,0,0.11993,0.22807
6.357,1.9781,0.060733,0.21053
5.7424,2.0345,0.05302,0.26316
5.3429,1.886,0.13855,0.15789
5.8847,1.9265,0.091032,0.22807
6.068,1.9653,0.064976,0.24561
6.0125,1.9847,0.10246,0.26316
5.3547,1.9355,0.12027,0.19298
5.7405,1.902,0.096984,0.22807
9.0683,0.445,0.016415,0.52632
6.225,2.0023,0.036039,0.21053
5.3555,1.5096,0.035521,0.17544
9.0273,0.4196,0.017729,0.5614
6.1898,1.873,0.035202,0.19298
6.493,1.8735,0.031915,0.19298
6.2389,1.9243,0.036639,0.17544
6.2126,1.9299,0.037478,0.19298
6.2281,2.0056,0.035216,0.19298
8.76,0.48358,0.023983,0.59649
6.192,1.9036,0.035327,0.19298
6.5603,1.8933,0.032075,0.19298
6.0856,1.8969,0.038433,0.17544
6.4153,1.9263,0.03386,0.21053
6.3006,1.9934,0.034563,0.21053
8.5348,0.47451,0.025182,0.63158
6.4286,1.9269,0.03376,0.19298
5.8736,1.7306,0.040199,0.19298
6.1962,1.9254,0.035092,0.19298
6.436,1.9439,0.032888,0.19298
6.3339,1.9763,0.034413,0.19298
6.5608,1.974,0.03096,0.21053
8.5358,0.47243,0.026313,0.59649
6.1352,1.9106,0.037259,0.19298
6.5696,1.9237,0.032908,0.19298
6.4273,1.9747,0.033269,0.21053
10.125,0.66504,0.02364,0.38596
6.3934,1.9695,0.034564,0.21053
6.9104,1.3609,0.02723,0.54386
6.1181,1.8781,0.037731,0.17544
6.2869,1.915,0.036976,0.17544
6.3518,1.9125,0.03527,0.19298
5.1687,1.008,0.034915,0.26316
6.4903,1.9869,0.03286,0.19298
6.5897,1.9247,0.031758,0.19298
6.3103,1.9196,0.034917,0.17544
6.0786,2.0127,0.035971,0.19298
8.532,0.50119,0.023386,0.59649
6.427,1.9847,0.035146,0.21053
6.3996,1.9053,0.03298,0.19298
6.4622,2.0461,0.032,0.21053
8.7194,0.48339,0.023695,0.61404
6.1369,1.9546,0.037035,0.19298
6.4011,1.5612,0.030446,0.4386
6.3391,1.8209,0.033223,0.19298
6.0355,1.8402,0.035715,0.17544
5.9572,2.1019,0.035035,0.19298
6.247,1.8869,0.031405,0.17544
6.4473,1.8911,0.034848,0.22807
8.7265,0.47741,0.022614,0.54386
6.2518,1.9798,0.037024,0.21053
6.4059,1.8786,0.033793,0.19298
6.2576,2.0353,0.034001,0.21053
6.2979,1.8471,0.035149,0.17544
6.2182,2.0527,0.033123,0.19298
8.9743,0.44648,0.022253,0.61404
6.4741,2.0061,0.030189,0.19298
6.4817,1.8861,0.033434,0.19298
6.1956,1.9592,0.035621,0.19298
10.786,0.67991,0.023775,0.40351
6.3607,1.9525,0.033479,0.19298
6.4139,1.9121,0.033311,0.21053
6.2489,1.9166,0.036299,0.19298
8.7323,0.46052,0.0231,0.61404
6.3459,1.8947,0.031752,0.19298
6.3306,1.9022,0.034231,0.17544
6.4,1.9918,0.031922,0.21053
10.433,0.48606,0.0082482,0.40351
8.827,0.46869,0.022823,0.63158
6.1235,1.9066,0.038345,0.17544
6.6647,1.8075,0.026494,0.4386
6.517,2.2277,0.030142,0.21053
9.2688,0.40863,0.014128,0.45614
6.409,2.7609,0.024502,0.22807
8.5532,1.7134,0.016577,0.40351
0.96314,0.0048651,0.14249,0.24561
6.4619,3.6197,0.019272,0.26316
6.5381,3.0315,0.020566,0.22807
6.7966,2.6756,0.021885,0.22807
6.7102,2.2304,0.02572,0.21053
6.6574,2.1013,0.027762,0.21053
10.993,0.68022,0.021035,0.40351
6.3297,2.0045,0.035312,0.19298
6.4507,1.8647,0.034695,0.19298
6.3111,1.96,0.033514,0.19298
9.2782,0.20704,0.014964,0.2807
10.678,0.68657,0.022487,0.38596
6.5137,1.9534,0.031448,0.21053
6.3714,1.831,0.030768,0.4386
6.0443,1.9495,0.037206,0.19298
11.126,0.70206,0.018579,0.33333
6.2062,1.9515,0.036098,0.17544
7.0399,1.4516,0.027654,0.52632
1.7703,0,0.14539,0.21053
6.4084,1.9763,0.031929,0.19298
6.4059,1.9432,0.034699,0.19298
6.3558,1.9234,0.03507,0.19298
6.1852,1.879,0.038232,0.19298
6.4153,2.0699,0.03159,0.21053
8.7402,0.47117,0.026939,0.59649
6.3277,1.9242,0.032853,0.19298
6.2168,1.9031,0.035301,0.19298
6.3018,1.9579,0.034915,0.21053
10.375,0.65585,0.023697,0.40351
6.4699,1.9115,0.032564,0.19298
6.4101,1.964,0.034138,0.19298
6.349,1.955,0.03462,0.17544
10.599,0.68856,0.024575,0.36842
6.3082,1.9098,0.033818,0.17544
6.5778,1.8759,0.031075,0.19298
6.057,1.9425,0.037314,0.19298
10.195,0.72527,0.02342,0.42105
6.3206,1.888,0.03524,0.21053
6.3385,1.8124,0.035507,0.17544
6.2173,2.0039,0.035193,0.19298
10.229,0.66838,0.026717,0.40351
6.2928,1.9193,0.034619,0.19298
6.3407,1.8721,0.034947,0.19298
6.4993,2.0065,0.030564,0.19298
8.476,0.48557,0.027562,0.5614
6.1075,1.8563,0.03771,0.17544
6.1814,1.8445,0.038964,0.17544
6.5389,2.021,0.031586,0.21053
8.7093,0.4849,0.023108,0.59649
6.2133,1.8989,0.036889,0.19298
6.2308,1.9129,0.037343,0.19298
6.166,1.9613,0.036364,0.19298
7.9755,0.99661,0.024309,0.40351
6.4301,2.0016,0.031802,0.19298
6.5187,1.9483,0.029715,0.19298
6.1947,1.9023,0.038214,0.17544
7.8275,1.0176,0.026635,0.38596
6.3649,1.9177,0.034295,0.19298
10.219,3.8962,0.0088128,0.2807
10.823,0.62841,0.022699,0.36842
6.3663,1.9686,0.033326,0.19298
6.3348,1.8858,0.034742,0.17544
6.4022,2.0099,0.032981,0.21053
6.5469,2.0131,0.02971,0.19298
6.5961,2.0649,0.02975,0.21053
8.7817,0.46643,0.02399,0.61404
6.1265,1.9248,0.037432,0.19298
6.4095,1.9032,0.032713,0.19298
6.4985,2.0253,0.030921,0.21053
8.8447,0.48326,0.023072,0.57895
6.2116,1.8549,0.035387,0.17544
6.4187,1.8997,0.033155,0.19298
6.0913,1.9272,0.036517,0.17544
8.5668,0.48401,0.024431,0.61404
5.9057,1.9057,0.03987,0.17544
6.3597,1.9322,0.032869,0.17544
5.9309,1.8672,0.039131,0.21053
6.2957,1.9915,0.034627,0.19298
6.1682,1.9586,0.03639,0.17544
8.4122,0.50222,0.026166,0.5614
6.0332,1.8671,0.037274,0.19298
6.5506,1.9327,0.032005,0.19298
6.2531,1.937,0.035334,0.19298
8.5902,0.4875,0.024872,0.57895
6.1079,1.9563,0.037199,0.19298
6.3263,1.8765,0.035007,0.19298
6.1689,1.8603,0.036497,0.17544
8.7224,0.46766,0.024714,0.63158
6.2215,1.8977,0.03588,0.19298
6.1122,1.9449,0.037775,0.19298
5.8128,1.9063,0.039246,0.17544
8.519,0.48948,0.025232,0.63158
6.126,1.888,0.035983,0.17544
6.3526,1.8593,0.032754,0.19298
6.1672,2.0162,0.038033,0.19298
8.5216,0.50085,0.023166,0.57895
6.0156,1.9641,0.037144,0.19298
6.1935,1.8813,0.035293,0.19298
6.1392,1.9548,0.034015,0.19298
8.329,0.49577,0.022924,0.59649
6.1814,1.9657,0.037464,0.19298
6.254,1.8594,0.035749,0.19298
6.1032,1.9522,0.035527,0.17544
10.55,0.66931,0.023984,0.36842
6.2212,1.9613,0.034642,0.19298
6.3638,1.8667,0.034011,0.19298
6.1571,1.9811,0.035197,0.19298
8.4066,0.50025,0.028181,0.59649
6.1528,1.9084,0.035662,0.19298
6.3314,1.9119,0.034161,0.21053
6.4433,2.0167,0.031391,0.19298
8.2482,0.4939,0.027938,0.59649
5.95,1.8996,0.038931,0.19298
6.2755,1.8716,0.035813,0.17544
6.336,2.0226,0.033702,0.19298
8.1739,0.50655,0.025355,0.57895
6.1849,1.9223,0.03635,0.21053
6.4372,1.8732,0.033612,0.19298
6.3567,1.9711,0.034203,0.19298
10.321,0.6518,0.027062,0.36842
6.3932,1.9495,0.034106,0.19298
6.3455,1.8811,0.034747,0.19298
6.1401,1.9824,0.036408,0.19298
10.379,0.67557,0.026515,0.40351
6.1772,1.893,0.037536,0.19298
6.1427,1.8205,0.036978,0.17544
6.1024,1.9984,0.037148,0.21053
8.5731,0.49157,0.025794,0.61404
6.6486,1.959,0.029558,0.21053
6.15,1.8826,0.036377,0.17544
6.3978,2.0127,0.032552,0.21053
10.791,0.65407,0.023859,0.38596
6.5045,1.9673,0.031974,0.21053
6.4244,1.909,0.033352,0.21053
6.3732,1.9812,0.033733,0.19298
10.904,0.66644,0.022246,0.40351
6.1367,1.904,0.036879,0.17544
6.4741,1.9593,0.034352,0.19298
6.3419,2.0155,0.033749,0.21053
10.151,0.6713,0.025266,0.38596
6.305,1.9258,0.034559,0.19298
6.2707,1.8873,0.0356,0.17544
6.1637,1.9119,0.035437,0.17544
8.7833,0.4796,0.02612,0.61404
6.277,1.9064,0.035524,0.21053
6.09,1.8956,0.038229,0.19298
6.2861,2.0652,0.036474,0.19298
8.3494,0.5147,0.028065,0.5614
6.3548,1.9651,0.034358,0.19298
6.1859,1.8338,0.037392,0.17544
6.456,1.9903,0.031837,0.19298
8.6464,0.48287,0.025563,0.57895
6.162,1.9037,0.037754,0.17544
6.3726,1.9008,0.03377,0.17544
6.2353,1.911,0.036875,0.19298
8.7859,0.46784,0.02529,0.61404
6.3594,1.9047,0.034038,0.21053
6.4967,1.9103,0.032734,0.19298
6.3171,1.9,0.033399,0.19298
6.1429,1.8492,0.036764,0.19298
6.3845,1.9794,0.033367,0.19298
9.7657,4.4336,0.010618,0.2807
6.4154,1.9372,0.034561,0.19298
6.4697,1.9585,0.03461,0.19298
6.5204,1.9454,0.033199,0.19298
6.2968,1.953,0.033646,0.19298
8.6056,0.47397,0.026408,0.63158
6.4943,1.9202,0.03281,0.21053
7.2868,0.92732,0.028894,0.42105
9.0212,0.39408,0.018383,0.54386
6.5094,1.9526,0.032143,0.19298
9.0863,0.46665,0.024218,0.57895
6.3979,1.9285,0.034391,0.21053
7.3971,0.9031,0.02934,0.40351
6.4405,1.9765,0.032626,0.19298
6.2419,1.9235,0.03608,0.19298
9.7332,0.68011,0.027232,0.40351
6.2999,1.9223,0.034832,0.19298
7.6552,0.90435,0.028926,0.40351
6.3618,1.9531,0.032797,0.19298
6.1763,1.9307,0.036939,0.19298
6.3273,1.9836,0.036201,0.19298
7.7624,0.97799,0.027864,0.40351
6.2451,1.8995,0.03771,0.19298
6.3011,1.8741,0.035717,0.19298
8.1428,1.2885,0.020803,0.49123
8.6758,0.38879,0.019783,0.5614
6.1095,1.9169,0.038917,0.17544
8.827,0.4658,0.02236,0.54386
6.3502,1.8727,0.034371,0.19298
6.3855,1.8722,0.032885,0.19298
6.3162,1.9209,0.035013,0.19298
7.2335,1.3104,0.025087,0.35088
6.007,1.9248,0.038694,0.17544
6.035,1.8905,0.035127,0.19298
6.3809,2.0135,0.032347,0.19298
6.444,2.0501,0.033103,0.21053
8.4615,0.48403,0.026202,0.59649
6.0962,2.0831,0.038127,0.17544
6.227,1.8826,0.036978,0.19298
6.2471,2.0136,0.035821,0.19298
7.3632,0.88893,0.028744,0.42105
8.6593,0.41553,0.018125,0.57895
6.0581,1.9589,0.039311,0.19298
8.7949,0.51181,0.020606,0.49123
6.2928,2.0657,0.035111,0.21053
6.1461,1.8578,0.038145,0.17544
6.2184,1.9668,0.035888,0.19298
6.3213,1.949,0.034765,0.19298
6.1064,1.9183,0.037039,0.17544
6.2977,1.9042,0.03582,0.19298
6.3141,1.9261,0.033545,0.19298
6.4741,1.8897,0.035415,0.19298
6.2381,1.8476,0.037606,0.19298
6.1568,1.8797,0.036535,0.19298
6.2016,1.9508,0.038058,0.21053
6.1699,1.7439,0.035541,0.21053
6.1399,1.8515,0.040205,0.19298
6.4116,1.9509,0.034375,0.21053
6.383,1.9067,0.034258,0.19298
6.1431,1.8182,0.038675,0.19298
6.4031,1.9307,0.034166,0.21053
7.6935,0.97214,0.028186,0.40351
6.2804,1.8761,0.036011,0.19298
6.3239,1.8627,0.034038,0.19298
