(DenseVector 5-Double
    0
    0
    0
   22
    0
, DenseVector 22-Double
280,556  5373,56
687,556  5847,56
1098,56  6314,56
1517,56  6759,56
1953,56  7204,56
2411,56  7615,56
2900,56  8002,56
3310,56  8354,56
3685,56  8754,56
4063,56  9219,56
4467,56         
4903,56         
, DenseVector 22-Double
322,222  5415,22
729,222  5889,22
1140,22  6356,22
1559,22  6801,22
1995,22  7246,22
2453,22  7657,22
2942,22  8044,22
3352,22  8396,22
3727,22  8796,22
4105,22  9261,22
4509,22         
4945,22         
)